713 642 632
714 629 642
307 173 831
518 534 463
617 652 440
658 657 527
812 393 64
486 756 508
549 661 483
225 291 438
718 717 269
504 271 503
339 653 832
464 213 643
872 783 754
871 752 783
650 532 649
64 185 256
170 590 218
678 786 623
169 219 591
679 625 785
414 644 740
837 610 828
806 264 501
262 264 722
362 833 717
805 503 271
810 884 451
348 514 725
743 26 431
26 743 282
520 464 533
213 464 520
61 223 208
389 485 680
693 391 484
287 770 389
386 205 251
61 134 223
319 429 549
482 87 229
29 503 805
833 362 29
502 501 264
716 262 715
235 424 292
734 425 292
725 356 38
831 340 307
340 831 654
463 641 173
321 525 272
525 321 838
599 320 840
320 265 523
610 837 588
783 872 893
645 780 379
466 418 755
560 37 207
749 432 36
36 207 749
810 456 884
725 38 348
38 356 345
30 312 692
461 107 182
560 689 37
37 332 456
584 579 804
863 401 757
585 803 580
862 758 403
431 144 157
148 388 811
48 742 665
48 854 855
338 804 579
815 801 574
704 703 238
401 863 297
337 580 803
816 572 799
706 240 705
403 298 862
191 847 761
886 795 882
761 622 191
695 477 795
190 762 848
885 883 794
762 190 621
690 794 475
55 708 707
686 55 707
249 157 144
529 123 708
57 709 710
685 709 57
250 161 214
528 710 124
523 840 320
364 715 834
735 285 603
349 603 519
306 832 213
345 196 68
562 282 40
282 682 751
692 312 355
675 235 647
555 618 651
618 462 651
756 593 508
104 218 678
500 728 624
532 772 905
736 603 349
555 652 617
798 67 392
67 253 184
174 178 175
132 175 163
717 718 362
427 428 746
600 838 321
269 721 271
673 71 324
323 64 393
575 158 423
910 673 733
386 251 134
496 513 750
559 435 74
691 867 354
75 691 317
75 317 400
74 435 76
268 796 69
551 771 47
341 342 383
445 285 325
881 430 325
162 548 422
236 359 424
178 206 243
215 493 516
715 364 716
692 355 866
674 316 81
315 392 67
507 626 729
527 904 773
750 513 597
102 679 219
877 419 437
351 419 349
478 24 774
432 214 161
85 858 664
774 24 302
85 664 741
456 810 255
60 391 220
213 5 163
60 220 778
60 287 389
768 818 792
552 874 234
77 850 605
77 605 782
615 731 536
839 33 615
616 538 732
841 616 34
593 756 592
500 170 582
597 596 750
507 583 169
530 488 426
628 303 96
95 637 455
356 725 515
134 61 386
175 232 61
567 200 701
133 619 444
99 577 472
468 398 700
769 789 817
383 342 873
101 781 607
101 607 849
625 679 102
726 496 658
341 737 552
788 189 100
623 104 678
727 650 486
845 252 47
771 304 47
76 181 74
460 181 76
107 108 182
261 80 797
108 107 436
558 108 436
795 886 695
590 678 218
794 690 885
591 219 679
906 825 739
822 739 491
907 738 824
823 490 738
760 712 522
887 522 719
759 521 711
888 720 521
123 707 708
56 249 686
124 710 709
58 685 250
558 20 866
501 677 179
465 753 415
644 414 779
19 217 745
379 740 645
783 893 871
609 586 837
420 419 877
405 881 325
420 73 130
405 130 73
569 698 201
164 442 620
132 163 784
132 784 693
178 307 340
206 178 340
350 223 134
437 419 351
335 136 900
135 851 829
333 901 139
138 830 852
420 439 83
512 314 160
846 24 142
637 488 455
680 485 143
391 680 484
144 431 26
708 55 144
684 666 305
531 305 426
147 304 684
146 856 25
305 531 684
146 25 820
683 303 667
530 426 303
150 683 302
149 84 857
303 683 530
149 821 84
863 41 300
802 446 801
699 700 398
835 399 703
577 566 864
801 239 802
862 299 44
800 799 448
154 473 576
467 697 396
696 396 697
836 705 397
576 865 568
799 800 241
48 665 854
531 426 497
157 47 431
282 529 26
418 466 158
509 897 634
642 713 861
642 861 714
288 160 314
510 160 322
161 36 432
710 161 57
162 422 516
548 162 517
163 175 61
832 306 339
61 339 306
208 339 61
182 108 912
866 355 912
181 911 74
867 911 354
802 447 446
567 701 566
800 448 449
569 568 698
410 195 475
878 766 458
408 477 197
876 453 767
139 171 334
139 901 171
136 336 172
136 172 900
173 518 463
516 216 215
173 174 31
196 702 793
68 175 132
68 196 175
165 671 553
548 421 422
166 554 670
549 429 428
205 386 178
387 97 61
179 806 501
834 179 364
180 450 638
450 180 259
181 460 296
181 554 911
182 295 461
182 912 553
471 3 183
129 288 314
184 315 67
395 184 416
185 64 323
407 417 185
187 103 842
492 186 879
879 186 103
77 782 850
788 539 189
880 89 188
341 383 737
89 343 188
848 377 190
765 621 190
847 191 378
764 191 622
559 867 192
503 29 676
859 824 490
860 491 825
583 507 869
729 869 507
196 174 175
196 793 174
582 868 500
728 500 868
892 719 712
891 711 720
468 701 200
619 133 654
467 201 698
620 653 164
475 459 410
459 475 794
477 408 454
454 795 477
791 187 539
791 90 187
430 445 325
647 646 675
534 361 206
734 292 424
207 36 528
233 342 341
533 208 374
746 438 291
453 876 452
51 378 191
882 687 886
479 847 209
458 457 878
53 190 377
883 885 688
480 211 848
775 5 730
87 730 229
207 214 342
214 432 24
215 216 694
770 694 31
79 694 216
734 422 421
19 744 217
837 828 609
294 65 218
170 218 582
293 219 4
169 583 219
220 391 775
87 481 220
481 672 220
220 672 778
661 659 660
224 438 390
659 224 390
390 350 222
225 438 224
224 659 225
659 661 225
225 9 291
325 285 735
462 283 651
419 736 349
440 652 260
555 226 66
555 66 227
27 229 730
746 428 429
33 839 838
721 269 717
34 840 841
722 715 262
232 387 61
175 178 232
207 342 233
207 751 681
47 157 234
551 47 234
235 292 63
235 63 381
235 236 424
236 235 675
415 237 465
511 631 896
238 703 399
238 573 704
864 472 577
573 238 152
240 397 705
240 706 571
865 576 473
571 155 240
434 205 243
178 243 205
675 359 236
359 242 434
808 19 745
809 744 19
566 577 567
463 534 444
568 569 576
464 442 533
641 831 173
472 398 99
643 213 832
473 154 396
249 56 123
123 529 249
250 124 58
124 250 528
251 284 437
251 430 284
308 776 845
776 308 290
904 527 253
596 597 904
777 289 254
254 846 777
455 255 95
702 485 389
905 256 532
592 905 593
257 886 687
687 640 257
258 688 885
688 258 639
451 259 810
680 143 484
652 83 260
141 260 83
797 376 261
264 262 502
502 262 261
716 261 262
461 263 107
263 461 368
663 722 264
264 806 663
366 34 616
366 21 34
524 266 179
265 538 22
365 267 368
267 376 368
796 268 375
271 504 269
504 268 269
718 269 268
460 76 270
270 369 460
662 271 721
271 662 805
367 615 33
367 33 7
526 29 273
272 23 536
363 369 274
274 369 375
890 614 275
588 589 610
807 19 808
275 594 890
277 278 669
277 62 278
682 62 751
62 668 751
279 751 668
563 819 608
280 570 281
280 281 279
570 668 281
681 751 279
282 233 234
282 234 157
651 283 3
183 3 283
73 437 284
73 284 430
445 286 285
672 875 778
286 88 875
215 287 493
60 778 287
493 287 88
129 322 288
288 322 160
37 254 289
37 289 207
40 290 308
40 282 290
166 291 9
166 670 427
165 63 292
425 165 292
102 219 293
513 496 726
104 294 218
508 727 486
39 295 176
295 382 461
106 177 296
296 460 400
297 402 401
895 704 573
298 403 404
894 571 706
803 44 299
50 299 470
804 300 41
49 469 300
301 254 86
85 853 858
302 24 301
85 741 853
303 628 148
556 667 303
304 105 47
48 855 742
557 305 666
388 148 628
163 306 213
306 163 61
174 173 307
307 178 174
105 156 308
638 450 497
532 650 772
624 728 623
527 773 658
626 625 729
311 493 78
646 647 517
30 382 312
548 517 647
889 313 613
586 609 587
439 420 314
657 658 496
315 81 392
512 395 314
316 674 733
392 6 228
691 354 317
225 413 9
660 483 661
481 28 221
319 482 429
549 483 319
265 320 21
320 599 21
272 7 321
321 7 600
649 486 650
471 183 406
323 393 71
510 322 407
324 733 673
393 228 6
3 325 735
325 3 405
724 774 899
602 148 811
327 602 811
787 204 909
326 328 789
602 327 328
723 898 771
601 811 145
330 811 601
790 909 204
329 792 331
601 331 330
40 451 332
562 40 689
138 852 333
138 333 830
333 852 901
135 335 851
135 829 335
335 900 851
580 337 404
571 894 572
579 402 338
573 574 895
164 653 339
339 208 164
133 340 654
340 133 206
233 341 234
341 552 234
24 342 214
478 342 24
343 737 344
343 880 188
343 344 189
101 849 781
345 68 132
38 345 348
426 346 514
426 515 346
346 347 514
346 515 347
132 693 348
348 345 132
351 349 221
349 519 221
351 350 134
222 350 412
28 351 221
351 28 350
755 754 466
632 634 713
753 465 752
629 714 631
354 911 9
413 354 9
355 63 912
381 63 355
196 356 702
356 196 345
86 357 150
149 857 914
156 147 358
146 913 856
243 360 359
434 243 359
206 361 360
206 360 243
361 694 79
79 360 361
8 362 718
676 29 362
192 363 559
362 8 676
125 716 364
677 364 179
20 558 365
364 677 125
538 265 732
265 21 732
536 731 272
272 731 7
368 20 365
20 368 30
369 363 192
192 75 369
700 701 468
835 446 447
697 467 698
836 449 448
492 187 372
492 372 737
208 373 374
208 223 373
374 27 730
27 374 373
375 270 796
270 375 369
376 797 263
263 368 376
211 53 377
377 848 211
209 378 51
378 209 847
740 379 627
158 575 418
293 380 102
82 102 380
355 312 381
382 381 312
295 39 382
381 382 39
383 873 344
383 344 737
648 244 384
313 889 595
294 104 385
13 385 104
97 386 61
97 178 386
232 178 387
387 178 97
145 811 388
388 628 145
389 770 31
702 389 793
223 390 373
350 390 223
391 5 775
693 784 391
316 392 81
6 392 316
324 71 393
6 324 393
395 394 314
314 394 439
184 395 315
81 315 395
248 396 154
396 248 467
397 240 155
396 696 473
247 99 398
398 468 247
399 152 238
398 472 699
296 400 106
413 106 400
401 402 43
43 757 401
42 338 402
402 297 42
403 46 404
46 403 758
45 404 337
404 45 298
405 322 129
130 405 129
407 322 406
322 471 406
185 323 407
71 407 323
409 203 543
640 687 543
543 687 409
767 203 409
411 547 202
639 547 688
547 411 688
766 411 202
28 318 412
28 412 350
354 413 317
400 317 413
843 415 753
627 379 126
415 843 126
126 418 575
395 416 394
416 141 394
407 406 417
417 406 183
844 755 418
418 126 844
83 736 419
419 420 83
420 129 314
130 129 420
176 421 39
165 425 671
422 734 216
216 516 422
575 423 237
910 733 674
360 424 359
360 734 424
425 734 421
421 176 425
426 305 96
426 96 303
746 291 427
427 291 166
428 427 177
177 106 428
429 229 746
229 429 482
205 430 251
445 430 205
290 431 776
252 431 47
289 777 432
142 24 432
78 433 311
242 433 434
445 205 434
78 434 433
435 69 796
69 435 559
436 797 80
80 558 436
134 251 437
351 134 437
373 390 438
373 438 746
439 394 141
439 141 83
253 67 440
596 904 253
11 441 201
131 201 441
131 442 564
442 131 620
32 200 443
98 443 200
98 565 444
444 619 98
78 286 445
445 434 78
703 446 835
801 446 469
167 370 447
2 447 370
705 836 448
799 470 448
168 449 371
10 371 449
450 308 156
259 451 450
451 40 308
451 308 450
876 51 452
764 51 191
203 767 453
622 453 764
408 203 454
453 622 203
455 86 254
255 455 456
456 254 37
456 455 254
878 457 53
765 190 53
202 458 766
621 765 458
410 459 202
458 202 621
75 400 460
369 75 460
30 461 382
368 461 30
256 462 64
592 256 905
463 444 565
565 814 463
464 564 442
564 464 813
72 465 630
465 72 752
12 633 466
466 754 12
11 467 635
467 11 201
32 636 468
468 200 32
151 300 469
703 469 446
153 470 299
705 448 470
405 3 471
471 322 405
472 864 903
903 699 472
473 902 865
902 473 696
474 169 591
169 474 506
475 474 690
474 475 506
476 590 170
170 499 476
477 695 476
476 499 477
478 100 606
478 774 724
479 52 847
409 52 479
480 848 54
411 480 54
87 482 481
318 28 481
318 481 482
483 482 319
318 482 483
318 483 412
259 484 143
484 259 180
255 143 485
485 95 255
756 486 183
486 649 183
754 755 872
589 588 780
488 86 455
357 86 488
752 871 753
587 779 586
490 193 738
490 115 193
491 739 194
491 194 112
103 186 492
550 103 492
286 493 88
493 286 78
494 886 257
786 624 623
495 258 885
785 625 626
750 141 496
496 141 657
497 450 156
358 497 156
257 498 494
498 257 640
197 477 499
640 499 498
499 170 500
500 624 499
501 502 267
677 501 267
376 267 502
261 376 502
503 274 504
676 274 503
375 504 274
268 504 375
258 495 505
505 639 258
195 506 475
639 505 506
506 507 169
507 506 626
727 508 294
65 294 508
71 673 509
634 632 509
407 71 510
509 510 71
81 511 674
631 511 629
395 512 81
511 81 512
726 293 513
4 513 293
514 348 693
638 514 180
515 702 356
637 95 515
311 516 493
517 162 516
311 517 516
311 433 517
694 361 518
534 518 361
285 519 603
285 286 519
730 520 374
533 374 520
521 720 122
521 122 199
522 119 719
522 198 119
22 523 265
179 545 524
546 523 22
22 538 546
23 272 525
29 526 541
542 23 525
23 542 536
184 527 416
527 184 253
214 528 250
528 214 207
157 249 529
529 282 157
488 530 357
149 914 821
497 358 531
146 820 913
185 417 532
532 256 185
164 533 442
164 208 533
133 444 534
133 534 206
535 273 662
273 535 542
91 536 535
535 536 542
537 663 266
266 546 537
92 537 538
537 546 538
908 89 842
189 842 89
540 525 70
525 540 542
541 540 612
540 541 542
542 526 273
526 542 541
543 408 640
408 543 203
544 59 523
523 546 544
545 611 544
544 546 545
546 266 524
524 545 546
547 639 410
410 202 547
381 39 548
548 39 421
413 549 106
549 428 106
908 550 89
550 343 89
551 604 90
551 723 771
552 372 874
552 737 372
553 295 182
295 553 176
554 181 296
296 177 554
555 617 228
555 228 618
556 148 602
303 148 556
557 601 145
305 557 145
125 365 558
558 80 125
8 559 363
559 8 69
560 207 681
819 560 561
281 561 560
608 281 668
562 682 282
819 563 562
278 562 563
278 563 608
564 246 569
246 564 813
565 567 245
245 814 565
167 864 566
566 370 167
567 565 98
98 200 567
168 568 865
568 168 371
569 131 564
131 569 201
279 570 280
279 668 570
155 571 816
572 816 571
572 337 803
337 572 894
152 815 573
574 573 815
574 804 338
338 895 574
237 415 575
126 575 415
246 576 569
576 246 154
245 567 577
577 99 245
795 454 578
578 454 203
579 584 43
43 402 579
580 46 585
46 580 404
794 581 459
581 202 459
582 218 65
65 93 582
583 4 219
4 583 94
43 584 41
804 41 584
46 44 585
803 585 44
586 489 837
489 586 35
587 313 595
313 587 609
588 837 487
487 1 588
589 594 275
275 610 589
15 678 590
590 476 15
17 591 679
591 17 474
283 462 592
256 592 462
508 593 65
93 65 593
645 384 594
594 384 244
644 595 384
595 276 384
260 596 440
253 440 596
513 4 597
94 597 4
763 745 217
763 217 744
840 34 599
21 599 34
838 600 33
7 33 600
601 329 331
768 898 723
602 328 326
769 724 899
66 603 736
66 735 603
372 604 874
604 372 187
605 90 604
90 605 850
344 873 606
606 189 344
607 606 100
100 849 607
281 608 561
561 608 819
18 609 828
609 18 313
127 828 610
610 275 127
611 231 59
59 544 611
612 70 230
70 612 540
613 18 763
18 613 313
614 763 127
127 275 614
615 91 230
91 615 536
616 231 92
92 538 616
67 617 440
798 617 67
64 462 618
812 64 618
32 443 619
98 619 443
11 620 441
131 441 620
762 621 581
581 621 202
761 578 622
578 203 622
104 623 13
309 13 623
498 499 624
624 786 498
102 82 625
310 625 82
505 626 506
626 505 785
627 126 414
740 627 414
628 96 305
305 145 628
629 512 160
512 629 511
237 630 465
630 237 870
631 72 630
72 631 714
632 160 510
510 509 632
158 466 633
633 870 158
634 633 12
12 713 634
635 248 813
248 635 467
636 814 247
247 468 636
515 426 637
426 488 637
514 638 426
426 638 497
506 195 639
195 410 639
499 640 197
197 640 408
641 463 814
814 831 641
160 642 629
160 632 642
643 813 464
813 643 832
779 587 644
595 644 587
780 645 589
594 589 645
646 433 675
517 433 646
381 647 235
548 647 381
648 384 276
807 809 19
649 532 417
417 183 649
727 13 650
13 309 650
3 226 651
555 651 226
83 652 227
555 227 652
653 11 635
653 620 11
654 636 32
654 32 619
655 137 336
655 336 136
656 334 140
656 139 334
657 416 527
416 657 141
726 658 82
82 658 310
390 222 659
222 412 659
660 659 412
483 660 412
413 225 661
549 413 661
91 662 230
535 662 91
92 231 663
537 92 663
150 741 664
664 86 150
147 665 742
665 147 156
304 771 666
666 684 304
302 667 774
667 302 683
608 668 278
669 278 668
62 277 669
62 669 668
177 427 670
177 670 554
176 671 425
176 553 671
221 672 481
221 875 672
897 509 673
673 910 897
896 674 511
674 896 910
359 675 242
242 675 433
274 676 363
363 676 8
267 365 677
365 125 677
678 15 109
109 494 678
679 110 17
110 679 495
680 391 60
680 60 389
560 681 281
279 281 681
562 278 682
62 682 278
84 821 683
683 857 84
25 684 820
684 25 856
685 57 161
161 250 685
686 144 55
144 686 249
687 882 52
52 409 687
688 54 883
54 688 411
689 40 332
689 332 37
690 17 885
17 690 474
75 192 691
691 192 867
30 692 20
692 866 20
693 180 514
180 693 484
518 173 694
31 694 173
695 886 15
15 476 695
696 397 902
397 696 836
10 697 371
697 10 696
568 371 698
697 698 371
699 903 399
399 835 699
2 370 700
700 699 2
566 701 370
700 370 701
702 515 95
95 485 702
151 469 703
703 704 151
704 895 297
297 863 704
153 705 470
705 153 706
706 298 894
298 706 862
686 707 56
707 123 56
708 26 529
26 708 144
685 58 709
709 58 124
710 528 36
36 161 710
711 199 121
711 521 199
712 118 198
712 198 522
352 861 713
713 12 352
353 714 861
714 353 72
715 722 611
611 834 715
716 125 80
261 716 80
717 612 721
612 717 833
718 69 8
268 69 718
719 119 118
719 118 712
720 121 122
720 711 121
721 230 662
230 721 612
722 663 231
231 611 722
826 723 551
723 818 768
827 478 724
724 769 817
347 725 514
347 515 725
293 726 380
82 380 726
294 385 727
13 727 385
93 309 728
623 728 309
94 729 310
625 310 729
520 730 213
5 213 730
731 367 7
731 615 367
732 21 366
732 366 616
733 6 316
733 324 6
734 360 79
79 216 734
735 226 3
735 66 226
736 83 227
736 227 66
737 550 492
737 343 550
738 193 116
738 116 824
739 113 194
739 825 113
384 740 644
384 645 740
302 853 741
741 150 302
304 742 855
742 304 147
290 743 431
743 290 282
744 613 763
613 744 809
745 763 614
614 808 745
746 27 373
27 746 229
817 747 724
827 100 478
818 723 748
826 551 90
289 432 749
749 207 289
260 141 750
750 596 260
751 233 282
751 207 233
752 353 783
353 752 72
753 35 843
35 753 871
754 783 352
352 12 754
755 844 1
1 872 755
283 756 183
756 283 592
43 41 757
757 41 863
46 758 44
758 862 44
759 888 521
891 759 711
760 522 887
892 712 760
761 847 14
578 761 14
762 16 848
581 16 762
598 763 18
598 127 763
452 51 764
452 764 453
457 765 53
457 458 765
480 411 766
211 480 766
479 767 409
209 767 479
329 768 792
601 768 329
326 789 769
602 326 769
215 694 770
287 215 770
771 898 557
666 771 557
309 93 772
772 650 309
310 773 94
773 310 658
774 556 899
667 556 774
87 775 730
220 775 87
252 845 776
431 252 776
142 777 846
432 777 142
287 778 88
88 778 875
35 779 843
779 35 586
1 844 780
780 588 1
781 189 606
606 607 781
782 604 187
604 782 605
159 783 353
159 352 783
391 784 5
163 5 784
785 495 679
495 785 505
786 678 494
494 498 786
787 327 204
328 327 787
787 909 788
789 328 787
788 789 787
817 789 788
790 204 330
331 790 330
790 791 909
792 790 331
791 790 792
818 791 792
389 31 793
174 793 31
16 794 883
581 794 16
14 882 795
578 14 795
796 76 435
76 796 270
797 436 107
107 263 797
228 617 798
228 798 392
50 799 572
799 50 470
800 168 865
168 800 449
49 574 801
801 469 49
802 864 167
167 447 802
803 50 572
50 803 299
804 574 49
49 300 804
273 805 662
805 273 29
266 663 806
806 179 266
807 648 276
807 244 648
890 807 808
808 614 890
889 809 807
809 889 613
143 810 259
143 255 810
811 330 204
811 204 327
228 812 618
228 393 812
813 154 246
154 813 248
814 245 99
99 247 814
239 801 815
815 152 239
241 816 799
816 241 155
817 788 100
747 817 100
818 90 791
748 90 818
819 562 689
819 689 560
531 820 684
820 531 358
530 683 821
821 357 530
860 822 491
822 906 739
859 490 823
823 738 907
824 116 115
824 115 490
825 112 113
825 491 112
748 723 826
90 748 826
747 827 724
100 827 747
828 598 18
828 127 598
829 655 136
829 136 335
830 139 656
830 333 139
831 814 636
636 654 831
832 635 813
635 832 653
833 541 612
541 833 29
834 611 545
545 179 834
835 447 2
2 699 835
836 10 449
10 836 696
128 837 489
128 487 837
70 838 230
838 70 525
230 839 615
839 230 838
59 231 840
840 523 59
231 616 841
841 840 231
842 539 187
842 189 539
414 843 779
843 414 126
379 780 844
844 126 379
845 105 308
47 105 845
846 254 301
24 846 301
210 14 847
210 847 52
212 848 16
212 54 848
189 781 849
849 100 189
187 850 782
850 187 90
851 900 655
851 655 829
852 656 901
852 830 656
853 302 301
301 86 853
156 854 665
854 156 855
855 105 304
105 855 156
856 147 684
147 856 358
857 683 150
150 357 857
86 664 858
858 853 86
907 824 859
114 859 823
906 860 825
111 822 860
861 159 353
861 352 159
862 153 299
153 862 706
863 300 151
151 704 863
864 802 239
239 903 864
865 241 800
241 865 902
108 558 866
866 912 108
74 867 559
867 74 911
868 582 93
728 868 93
869 94 583
729 94 869
423 870 237
423 158 870
489 871 893
871 489 35
487 893 872
872 1 487
873 342 478
606 873 478
874 551 234
604 551 874
519 875 221
519 286 875
876 209 51
767 209 876
877 73 420
73 877 437
878 53 211
766 878 211
103 187 879
187 492 879
89 880 189
189 880 343
881 405 73
73 430 881
882 14 210
210 52 882
883 212 16
212 883 54
884 332 451
884 456 332
110 885 17
885 110 495
109 15 886
886 494 109
887 719 892
117 760 887
888 891 720
120 888 759
276 595 889
807 276 889
244 890 594
807 890 244
120 891 888
120 759 891
117 887 892
117 892 760
893 128 489
893 487 128
894 45 337
45 894 298
895 338 42
42 297 895
630 896 631
896 630 870
633 634 897
897 870 633
601 557 898
768 601 898
602 899 556
769 899 602
900 137 655
900 172 137
901 656 140
901 140 171
902 155 241
155 902 397
903 239 152
152 399 903
597 94 904
904 94 773
593 905 93
905 772 93
111 906 822
111 860 906
114 823 907
114 907 859
908 842 103
908 103 550
791 539 909
788 909 539
870 910 896
870 897 910
166 9 911
911 554 166
165 912 63
912 165 553
358 913 820
913 358 856
357 821 914
914 857 357
