0.03933939552437057 0.363395412733082 -0.6917048180877533
0.3129830259340078 0.8862951550365561 -0.1362958269288218
0.10831006691013285 0.29924014153152156 -0.15997238005947798
-0.28078274415272836 0.39237371268026094 -0.2558442739790597
-0.08164379993322424 0.5344499838229015 -0.13945899234766393
0.0005251096476493591 0.16454744954864345 -0.35470949962632453
-0.22305065964315285 0.014787625191618504 0.17490492724440443
-0.3951770539488142 0.19120503361011848 -0.09959179960658124
-0.24469696108296626 0.34612984886558745 -0.2234765359715614
-0.31193363358303605 0.8862951550365561 -0.13629593029686268
-0.2214152738684559 0.735271449643742 -0.3087406981684217
0.06227252570504757 0.3763692389114518 -0.47142028721843837
0.27283684285060117 0.39854995312259345 -0.3631691400916048
0.6048849668757112 0.2467209073233156 -0.19042863625509993
0.4825685304268997 0.38527129459168075 -0.24858763077349272
-0.6038336105319629 0.24670023371514044 -0.1904784596508021
-0.48151924144396885 0.38526602282159605 -0.2485949699043949
-0.026088232892330813 0.1890787530093021 -0.7742751057713478
0.0005249029115676074 0.003908345625516194 -0.7266669905531947
0.3538691174540038 0.21400492238610652 -0.12317222045922285
0.22410087893845157 0.014787625191618504 0.17490492724440443
0.30772355664620327 0.15303224979507288 0.15047502783184502
-0.3066733373509045 0.15303018243425534 0.1504728571029866
0.0666337267176409 0.5008274611672112 0.16130065938473273
-0.07329869125723447 0.5712913872714662 0.15553995846672117
-0.05081448847808132 0.42640453909741094 0.1912918627644542
-0.1712694732468005 0.46575055017639755 -0.18650178775026693
-0.11761835899100388 0.38369596564873265 -0.1304359960596103
-0.33128423420303754 0.1607228320362367 0.0457943162049044
0.3116546432407121 0.28718329324376146 -0.1418136129507751
0.08269122829141932 0.5343888933107439 -0.13936999246446982
0.22246569989983636 0.7352703125952924 -0.3087406981684217
-0.261041515706257 0.07292284506060985 0.21372996339737674
0.2620907013211469 0.07292274169256897 0.21373006676541761
-0.03828969306927622 0.363395412733082 -0.6917048180877533
0.05171244664916991 0.42641167149223136 0.19119056208439586
0.0358231248778965 0.4555645600604496 0.10838552557997223
0.0005250062796084832 0.6368050178981763 -0.13888426604039417
0.2862023305358496 0.35286324304824085 -0.13291062695817832
-0.03476763381251311 0.4555636297480817 0.10837312141506712
0.1380345807443946 0.6780891797435852 0.09667196255596087
0.23395185323392084 0.774393979018355 0.05945678027158919
0.11480364723795426 0.637397316772395 0.04514847268551204
-0.13698539512950467 0.6780891797435852 0.09667185918792
-0.2329026676190309 0.774393979018355 0.05945678027158919
-0.1137544616230643 0.637397316772395 0.045148265949430284
-0.06559529137900202 0.5006021188381018 0.16116834829241164
-0.10930653482417613 0.5141204878558058 0.10987712640981086
0.2779535608739561 0.8093283454808009 0.09507461622030625
-0.27690437525906614 0.80932824211276 0.09507440948422448
0.5293839161395758 0.0009572914265513217 -0.1954430199179878
0.60849974726514 0.23166431848933808 -0.2505991728489369
-0.5283335934762362 0.0009571880585104457 -0.19544322665406955
-0.6074380541173041 0.23168085737587824 -0.2505456282037632
-0.0181569064839671 0.4325983521066924 0.2755885000987165
-0.03248568094213767 0.465410469321916 0.2281425693366976
0.018460705156101247 0.43259845547473325 0.27525668868750497
0.033148166716111045 0.46541470741159185 0.22791619332717947
0.3378904856954137 0.19399080231172286 0.17478398663657968
0.0005249029115676074 0.4794487795852254 -0.05815837431014753
-0.051963010780252984 0.4854627322033829 -0.22400888138207206
-0.007564990071499674 0.4461125864027612 0.22878758591176296
0.24575131509990003 0.3461402890377159 -0.22348997381687524
0.13894008478246714 0.19130219956854178 -0.22831829500618658
0.2818319297676183 0.39237371268026094 -0.25584313693061006
0.0005242827033223522 0.23654018897745235 -0.10114087306714685
-0.13789400020880344 0.1913094353314031 -0.2282976213980114
0.0005804115495179432 0.5810596671342347 -0.220626679084614
-0.39540239627792356 0.23944886227965811 -0.06470415549861125
-0.33684440112174996 0.19399286967254037 0.17478708767780596
0.07310704690945063 0.21374960332514314 -0.3122645146818797
-0.06122282324995323 0.3763692389114518 -0.47142028721843837
0.000579067764986557 0.3429710249044621 -0.2095683660717147
-0.3537636820523104 0.30740818075349097 -0.1761556805390023
-0.31060442394541343 0.2871822595633527 -0.14181371631881598
-0.3566621219184695 0.2543753107501729 -0.0836088263902743
-0.03876094796762926 0.4673610242532434 0.23240339998160048
0.11905620843958706 0.37791149008131963 -0.13416551497441126
0.17230625469678534 0.4656616536612443 -0.185936364566676
0.39644124508872597 0.2394427635652464 -0.06470622285942876
-0.0717082705803185 0.21316557389419452 -0.3124268025060548
-0.27178755386767034 0.39854995312259345 -0.36316924345964563
-0.10767952186079012 0.29897138462524436 -0.16048611922263098
0.0743479802401653 0.5712862188694224 0.1555823393634803
0.11035675411947485 0.514115319453762 0.10992984411065755
0.06895899079714332 0.5402055163388694 0.1289350921060928
-0.14265203113031918 0.4992282542068208 -0.08592416713785266
0.085062077676948 0.4211782509507276 -0.035445004584372615
0.014759819188622899 0.4581818388554263 0.22193118376046728
-0.0299747678612222 0.48503592556260633 0.2074792979656136
-0.27731991478338713 0.20777906528415357 0.16489993456803012
0.2783784035219559 0.20777286320170102 0.16489890088762135
0.29775784382536175 0.34582915123467955 -0.2944304265895679
-0.2967085548424309 0.34582915123467955 -0.29443052995760877
0.05266529324996356 0.5933293502181582 0.040572782988101304
0.0005201479816873179 0.6077255206389799 0.14184886145271378
0.0005246961754858556 0.42656465619272765 -0.25347290775332665
0.2641726370324276 0.7089971542778346 -0.3002055990333021
0.2497548626910629 0.7401368799597278 -0.2471756233351285
0.03102426358023479 0.48503592556260633 0.2074792979656136
0.03981044368664185 0.4673610242532434 0.23240339998160048
-0.30176738676289544 0.44680318828385274 -0.3300603565990674
-0.013710323469610312 0.4581818388554263 0.22193118376046728
0.3028167791138671 0.44680318828385274 -0.3300602532310265
-0.06735275480997337 0.5205521507271426 0.14172792084488903
-0.2851531449209596 0.35286324304824085 -0.13291062695817832
0.3577102738529507 0.25437117602853787 -0.08360986007068306
0.3548128676672004 0.30740828412153187 -0.17615557717096142
0.503816968277382 0.39124596735430534 -0.2899761943401863
-0.5027386328749649 0.39119624732664404 -0.28997123267422426
-0.10329909439259388 0.6129837495102939 0.21502516494955123
-0.03461382216768984 0.5478701532017733 0.18816394584755075
-0.02188415130186879 0.5680818096022708 0.17449662348294478
0.10434900358376997 0.6129837495102939 0.21502516494955123
0.03566331788670243 0.5478701532017733 0.18816394584755075
0.022933647020881378 0.5680818096022708 0.17449662348294478
0.12970104928898293 0.5417321589345648 0.20877046816419392
0.05228448538737689 0.5440322012120936 0.1673487234563792
0.046077337900822496 0.5238877340381655 0.18109253817123327
-0.12865186367409295 0.5417321589345648 0.20877036479615307
-0.05123498966836431 0.5440322012120936 0.1673487234563792
-0.04502784218180991 0.5238877340381655 0.18109253817123327
-0.038141256562578496 0.44149317202405997 0.2228718329324376
0.03883237528387448 0.4414963764333271 0.22268370309804356
0.3962241722028867 0.19122260617706738 -0.0996004825220148
0.0005177705167471731 0.3301305434988221 -0.6760486946166958
0.027131836633013478 0.18907771932889333 -0.774269937369304
0.0005117751703763733 0.3961362060001013 -0.7142152763492888
0.0002440519445079009 0.32755161424701035 -0.2610880313246511
7.0290267795583495e-06 0.34971889061283806 -0.2557097921578802
-0.2631233480494968 0.7089971542778346 -0.3002057024013429
-0.03369322639564945 0.583696482488937 -0.13555271408296526
0.1317280965705585 0.530047435593958 -0.2858074646197038
-0.044934087368735505 0.3850096700802239 -0.16434071346689175
0.07968838670397564 0.4953364474678448 0.23440667261377462
0.05569924861771087 0.507768625112025 0.20152839985239043
0.03819934940155073 0.4953064707359908 0.19932769426214342
-0.07863889098496306 0.4953364474678448 0.23440667261377462
-0.054649752898698285 0.507768625112025 0.20152839985239043
-0.03714985368253814 0.4953064707359908 0.19932769426214342
-0.12435278685406602 0.3240474376613187 -0.26349960771828485
0.08550066827438427 0.491229635203847 0.138503871649971
0.0005250062796084832 0.5215982353008062 0.010837208773465837
-0.06793295962340955 0.4319367966450869 0.214242668880121
-0.03965869940263609 0.564372964295645 0.18097056388299979
-0.10995155139924148 0.5746114653763579 0.12894439522977166
-0.07375847230305028 0.5519563952256369 0.14768915576219976
0.04070819512164868 0.564372964295645 0.18097056388299979
0.11099866965331392 0.5746031959330878 0.1290177865387935
0.07480951854267602 0.5519531908163697 0.14772843561773258
0.24618856191280494 0.829416993912656 0.08672557955876319
0.30399403773140227 0.8409022169343726 -0.10049926763743039
-0.24513937629791493 0.8294168905446152 0.08672537282268142
-0.2487054703400912 0.7401368799597278 -0.24717572670316937
-0.30294485211651234 0.8409021135663318 -0.10049937100547127
-0.06805276318278466 0.5400048789715293 0.1285681355609835
-0.06256164611537733 0.47003298474184346 0.17403766938145598
0.028511903346747056 0.3463170483876136 -0.5000997501594452
0.0005197345095238145 0.4373469765364884 -0.45912362507584625
0.0005239725991997246 0.30498740460421925 -0.3135442110279228
0.06867876003832886 0.431919224078138 0.21426540984911366
0.18488407791055977 0.4110305070099037 -0.11414829385880132
-0.05726909905449253 0.5286231273587295 -0.17796255389351232
-0.13067891095566855 0.53004650528159 -0.28580849830011257
0.27130699584563844 0.38964066167950323 -0.23027081393029067
-0.2702495407874784 0.38964262567227986 -0.23026574889628773
0.33966955304692803 0.868359766264186 -0.13004722885787617
-0.3386191270155476 0.868359766264186 -0.13004733222591705
-0.4431769340418868 0.3619089803052872 -0.2639089451601533
0.4442263263928585 0.3619090836733281 -0.2639078081117036
-0.04317693404188679 0.5175555112221514 0.19360937424089095
0.04422642976089938 0.5175555112221514 0.19360937424089095
0.14800029356523609 0.5456386439353453 -0.17516127998577655
0.058318181301341615 0.5286231273587295 -0.17796358757392106
0.0008374878671762022 0.534199833163982 -0.19633208843756106
0.2946785098876699 0.4015971395995729 -0.1474307356600101
-0.2936510315613639 0.4015785333522152 -0.1474131630930612
0.05301095597865243 0.4854627322033829 -0.22401094874288957
0.3323344534983363 0.16073110147950675 0.045795246517272285
-0.0516156941629101 0.5933293502181582 0.04057257625201956
-0.3478913436501529 0.3295259438277392 -0.14705964439326577
0.34894156294545164 0.3295259438277392 -0.14705964439326577
0.12478176422370084 0.3252113618015809 -0.26365042168992275
-0.1376851967662342 0.20767776460409526 -0.29096656353981787
0.13922227953405822 0.20914455710412364 -0.2910254833231171
-0.015837431014753718 0.43501819794359625 0.2171194014576961
-0.019492524940124063 0.4704516253073907 0.2161932238114484
0.016886926733766308 0.43501819794359625 0.2171194014576961
0.02054202065913665 0.4704516253073907 0.2161932238114484
-0.5899543836835615 0.10458675007778445 -0.1797312844409391
0.591004706346901 0.10458675007778445 -0.17973107770485738
-0.35282096551952263 0.2140027516572481 -0.12317335750767248
0.04683523237652429 0.5546769386934486 0.17192069190431838
-0.045785736657511705 0.5546769386934486 0.17192069190431838
-0.4830449537272965 0.32363903053181825 -0.27261873628435307
0.035065127034153834 0.5835415337956641 -0.13559199393849808
0.4840478304598741 0.32358848355982994 -0.27260519507099834
0.0416175237772336 0.5458855901849978 0.1848375622921656
-0.04056802805822101 0.5458855901849978 0.1848375622921656
0.26796314309134533 0.7634505078988688 -0.30059105845772816
-0.26691271705996483 0.7634505078988688 -0.30059116182576906
-0.56177005365835 0.22995667845406892 -0.22598124697002428
0.5627553578239787 0.2299122301964923 -0.2259841412751688
0.0005246961754858556 0.5283905492667588 0.2242352573915902
0.04581457634091607 0.3847379155007613 -0.16394894859197223
0.11422788725027573 0.47577208173931196 -0.2302512773705651
0.03650473373943191 0.47179344584600025 0.15046458765971654
-0.11338026931509369 0.4730846160445806 -0.23367999528641734
0.5930628674087802 0.09601051046239625 -0.21697561651283778
0.6295981980883114 0.24031518983023867 -0.22272287958553552
-0.5920135784258495 0.09601051046239625 -0.21697478956851077
-0.6285035305354362 0.24030175198492482 -0.22271068215671216
-0.14695627635238992 0.5456675869867906 -0.1753452750985356
0.0636112452024308 0.4700341217902931 0.17406557875249246
0.1437022504256179 0.49922939125527044 -0.08592447724197527
0.1690305214814294 0.4624097984633307 -0.15331237718584645
0.0005249029115676074 0.12500814023321896 -0.7826263131617492
0.30407776584451174 0.4224465768122744 -0.2857184647365097
-0.30302858022962176 0.4224465768122744 -0.28571856810455054
-0.07765203629872124 0.4742153590437216 -0.04763168313147278
-0.08069353753345247 0.3859990055994468 -0.041709107861449615
-0.12076901687690003 0.3771662065066047 -0.19737610565040722
-0.10508291667398859 0.4385585533435943 -0.22862529808758786
-0.1724923171703619 0.38384584930800264 -0.23514678778644574
-0.22859635503614262 0.34855486310453504 -0.2022602455817915
0.07233157986679994 0.26717124053019536 -0.1193725146446672
-0.0712874592859129 0.26721258774654566 -0.11937664936630223
0.0016569896952400049 0.16395101595278974 -0.25120397925610155
-0.1681849709070649 0.4633150957653215 -0.1543181482235685
-0.30924823524912215 0.21679585948975466 0.18439721443803447
0.3102994882248296 0.21678759004648462 0.1843920460359907
0.0013545348076372443 0.49491687658992967 -0.2517249541821159
0.0005247995435267315 0.4938077375113318 0.15237896377673743
-0.0413161025700396 0.48930192460955313 0.15393258543110158
0.22964243960980632 0.34857770744156863 -0.20228091918996668
0.17354150278525188 0.38384481562759387 -0.2351436867452195
-0.027462200891652723 0.3463170483876136 -0.5000997501594452
0.2708873215996825 0.8325190688193406 -0.010995568612087652
0.32195020347998843 0.8440539085006775 -0.09603066723036704
-0.26983813598479245 0.8325189654512997 -0.010995465244046775
-0.32089988081664883 0.8440538051326367 -0.0960308739664488
0.12187918963590674 0.3774556370210571 -0.20058051491755882
0.10606801410353549 0.4409256814796515 -0.22754096733880014
0.013165677262235418 0.16898193850221777 -0.7428657962388504
0.27279559900229167 0.7347400345455992 -0.26264981905424445
-0.27174620665131993 0.7347400345455992 -0.2626499224222853
0.2375584675481204 0.7624301619673832 -0.27150339512330257
-0.2365080415167399 0.7624301619673832 -0.27150339512330257
-0.05025743810580132 0.4508820911768141 0.22706547435077118
0.05092281818491923 0.45087805982321993 0.22696727471193912
4.5481937985377555e-05 0.37259940646070927 -0.19505135841110915
-0.08444858835434978 0.491229635203847 0.1384635581140294
-0.24642723871918729 0.2656817070611743 -0.26708554842430926
0.068167398340116 0.5063876280859236 0.10275517176150513
0.04458635727922912 0.5533094828807019 0.035968667079449713
0.24747756138252688 0.2656817070611743 -0.26708544505626836
0.518691525991377 0.3409233040147113 -0.2964935493174092
-0.5176143276374097 0.3409243376951201 -0.296437833943377
-0.043536137983930405 0.5533084492002932 0.03596804687120446
-0.13518058913581216 0.2913831367445476 -0.1871643768922812
0.354407664946967 0.24650280075706754 0.012361577272262116
0.3363554702884072 0.2217471886477083 0.06402037590821745
0.32786481941086415 0.24578129183175404 -0.0853057161492924
0.3055331878600438 0.20256518130237527 0.06316324811327484
0.27600817434467245 0.09124007537597541 0.184279374871436
0.2957711100797278 0.18581645763926 0.12375531957780357
0.31054343680129665 0.2037725200198053 -0.09620143123389396
-0.3533605466928946 0.2465120005127055 0.012362610952670874
-0.3353062846735172 0.22175235704975207 0.06402078938038096
-0.3268114990743392 0.2457832558245307 -0.08530416562867925
-0.30447676648229255 0.20256621498278404 0.0631621110648252
-0.2749589887297825 0.09124007537597541 0.18427834119102723
-0.2947136550215677 0.18581542395885123 0.12375531957780357
-0.3094932175059979 0.2037601158549002 -0.09619636619989105
0.033458064102656865 0.18625990653461744 -0.7556967677847298
-0.012115251230854947 0.16898193850221777 -0.7428657962388504
-0.008567453331913746 0.4576940450705332 0.23148135705698786
-0.012058708912495853 0.4408016398306004 0.2330339450309432
0.008614382422471385 0.4461125864027612 0.22878758591176296
0.009616845682885457 0.4576940450705332 0.23148135705698786
0.01310820463150844 0.4408016398306004 0.2330339450309432
-0.03545286055547917 0.47179437615836806 0.15044908245358515
0.1360106345040453 0.29174389120720434 -0.18672299535774128
0.0005247995435267315 0.35845028565758097 -0.21863270957611866
0.06346218848748782 0.3610045099476234 -0.06893614646010976
0.08174313662050595 0.3859990055994468 -0.04170931459753136
0.07869946465691631 0.4742153590437216 -0.04763178649951365
0.0005137391631530147 0.3366800459367573 -0.29386293604515945
0.0616562454453457 0.4540358501039366 0.10591502940303922
-0.06059331188101925 0.454029648021484 0.10589125475363778
-0.24812774635963603 0.3807034608653766 -0.2182750561546882
0.24918830245902235 0.38070966294782915 -0.2182883906319612
-0.2717048594349696 0.4415013380992891 -0.27951658902003995
0.2727551820983092 0.44150144146733 -0.27951648565199905
0.2983615131840768 0.37111597170609983 -0.15748224395477853
-0.29731336124959556 0.3711170053865086 -0.15748017659396102
0.21781816941401688 0.7888428671400234 0.0717327688060061
-0.21676898379912693 0.7888428671400234 0.0717327688060061
-0.22764433537967596 0.782657323574012 0.1065021598752141
0.22869455467497468 0.782657323574012 0.1065021598752141
0.06840483473000784 0.5205551484003279 0.14176616702001307
0.0792427670797598 0.5299802463673886 0.1523624248901973
0.024782384431946098 0.5701357325744741 0.16722261444651065
-0.07819234104837934 0.5299834507766558 0.15232314503466446
-0.02373288871293351 0.5701357325744741 0.16722261444651065
-0.10507878195235354 0.5604677197113551 -0.23007865274230246
0.10612796756724349 0.5604677197113551 -0.23007865274230246
-0.06711852282934867 0.5063896954467412 0.10272261082862923
0.28716468699640385 0.36788272275554385 -0.35515811692372573
-0.28611436433306425 0.36788272275554385 -0.35515822029176664
0.14323916160249406 0.4002358858692787 -0.1264325518364883
0.2743522183298412 0.3325029434049639 -0.18061601150279558
-0.03241776813928223 0.18625990653461744 -0.7556979048331794
-0.06157520490129903 0.3088988512709617 -0.2665644701302541
-0.08585832169581473 0.21316350653337704 -0.2886779951148264
-0.04818728635118051 0.17905412040516136 -0.3349693048602619
-0.2733019990345425 0.3325029434049639 -0.18061497782238684
-0.14243289088366237 0.40480475327599164 -0.12505982425365691
-0.18383489229566982 0.4110305070099037 -0.11414312545675755
0.2823591067760852 0.07767932546151246 0.19550824515178047
-0.2813099211611952 0.07767932546151246 0.19550824515178047
0.06221443286607533 0.30941052307329725 -0.2666171878311007
0.08728738486092347 0.21399251822120138 -0.288739912571311
0.049308312754479194 0.17914198323990585 -0.33498584374680207
0.10409678556403289 0.3233454652957308 -0.1352922266199581
0.038364324794788594 0.5354609232626675 0.1906778566016516
0.01867767467389967 0.5317241685850052 0.2138674428917416
0.018818772049695218 0.5303214642703198 0.20783488402622652
-0.037314829075776004 0.5354609232626675 0.1906778566016516
-0.017628178954887084 0.5317241685850052 0.2138674428917416
-0.01776927633068263 0.5303214642703198 0.20783488402622652
0.0005266601682624969 0.4670808968624699 0.1000885864110306
-0.06536167960662258 0.4944207099937255 0.21489285385723014
-0.0478152647720683 0.5020709786989478 0.1914272748980016
0.06641117532563516 0.4944207099937255 0.21489285385723014
0.048864760491080884 0.5020709786989478 0.1914272748980016
-0.24417701983736073 0.7674529184415821 0.07487329662389641
0.24522620545225068 0.7674529184415821 0.07487329662389641
-0.11235072362797015 0.5423938177642113 -0.2716646492670689
0.11340094292326885 0.5423947480765792 -0.271664545899028
0.0005246961754858556 0.497818417497315 0.1784442489639938
0.04236714880966532 0.48930192460955313 0.153952225358868
0.016381457013883362 0.4634929921636688 0.2136576057687636
0.025941243538205348 0.46921534353851546 0.1856345298873185
0.0006949433388083938 0.596626894090139 -0.14467494369025974
0.0005254197517719866 0.6580264766899899 0.01103278110680296
0.0005253163837311108 0.6309802287948216 -0.0011765350412490166
-0.025176836875928373 0.6172715592138653 -0.05338990321650333
-0.06241269276847523 0.3610076109888497 -0.06893749024464114
-0.1001069859223065 0.4033183208481968 -0.16598736635804415
-0.09972390396282058 0.350533327406899 -0.13560233074258565
0.04872293953899921 0.40879786069502605 -0.4579162863584163
-0.04767313371586399 0.40879786069502605 -0.4579162863584163
-0.27602367955080387 0.34314561352550144 -0.2132286283991288
0.2770728651656938 0.34314561352550144 -0.2132358641619901
0.026226539331022713 0.6172715592138653 -0.053389799848462455
0.05725876225040494 0.5610733530628468 0.1391705955136203
-0.0562142281973544 0.5610662206680264 0.13913751774054
0.1183336658338648 0.4077683150079025 -0.22761849336945703
0.14732943497995177 0.44255259107499667 -0.22396960152653925
0.17536078030466695 0.5030994907056626 -0.1945737980622627
-0.38721668112096436 0.18824664028025143 -0.04055810472629693
-0.35417818789622263 0.19090309556272012 -0.11278383571923999
0.38825656361217553 0.18825077500188647 -0.04055841483041956
0.35522737351111255 0.19090629997198724 -0.11278269867079035
0.25665560973189433 0.07383713538215682 0.2031864232280392
-0.25560642411700435 0.07383713538215682 0.2031864232280392
0.3318910046029789 0.2245236542256338 -0.11220807573156147
-0.3308397516272714 0.22452355085759296 -0.11220817909960233
0.32857919594135726 0.8837884800453165 -0.1343163289460491
-0.3275287699099768 0.8837884800453165 -0.13431643231409002
-0.024892057923315385 0.46921854794778256 0.18562419308323092
-0.1461758476437772 0.4403654266981043 -0.22509838053290357
-0.17429815684446315 0.5030944256716597 -0.19518160214261274
-0.3083778763449474 0.2461399789335933 -0.06206744351194986
0.3094363650835162 0.24613481053154945 -0.06207137149750315
-0.6028774561538612 0.10093796160290754 -0.20144994350936565
0.6039268485048329 0.10093796160290754 -0.2014497367732839
0.021654984355247014 0.3323303187767013 -0.6918567691078408
-0.2618497504178653 0.44145595952934463 -0.3336080511299677
0.26072520950117684 0.32365980750803425 -0.17543107057246254
0.2888185756504176 0.34308576342983427 -0.1478379023730201
0.028825832086887042 0.4846451943680956 0.1733833496827118
0.0005247995435267315 0.17986762688685437 -0.7264032986809205
0.2628990394007961 0.44145595952934463 -0.33360794776192687
0.00013034709954445705 0.4199926195218815 -0.2171690181173165
0.000919975563795137 0.47402929657014503 -0.23548996968215358
0.0005246961754858556 0.5738021969843408 0.19150996933070227
0.06164229075982746 0.5205387128818286 -0.0885704923523155
-0.11737337673412811 0.405517992758035 -0.22640701993039197
-0.06085007809455489 0.5206369125206607 -0.08879263027215771
-0.05308744832890056 0.17672627212463707 -0.28836892467260755
0.054874475019562406 0.1772637859371915 -0.28842060869304553
-0.09844462108894096 0.31724065216964353 -0.2846611130463905
-0.09656921472333027 0.2664714388934658 -0.2960595069137714
-0.27748116892715347 0.8161567348930192 -0.2011325002558359
-0.29523462994758204 0.8624760573775322 -0.1024786622521622
0.27853149159049306 0.8161567348930192 -0.20113239688779502
0.296283815562472 0.862476160745573 -0.10247855888412133
-0.2877900636437028 0.34307532325770584 -0.14783903942146975
0.14279054430509283 0.6989147389388444 0.07527167705343198
0.15956200893720082 0.6962519782058822 0.068949274201301
-0.14174032500979414 0.6989147389388444 0.07527147031735022
-0.15851282332231084 0.6962519782058822 0.06894906746521924
0.048233905337615526 0.3199437264385472 -0.22261858123229175
0.09895453563458158 0.31809240482646056 -0.2847841210150328
0.09751565250558962 0.26727564225148 -0.29599748608924586
0.5679227261873628 0.24677879342620604 -0.22915960749087516
0.5815134528336797 0.22819632071795304 -0.24769453090032528
-0.566916748413559 0.24681393856010383 -0.22915981422695694
-0.5804962079434205 0.22823973529512093 -0.2476440872963779
-0.13337785050293718 0.3788211288410272 -0.15810348588044246
-0.25967499020587814 0.32365867045958463 -0.1754300368920538
-0.020605281900152674 0.3323303187767013 -0.6918567691078408
-0.020329806071218513 0.34870381645143717 -0.6694589820108598
-0.13158234763292354 0.26508217242409426 -0.30609974809208434
0.13262636484576973 0.26512455332085333 -0.3060872405591384
0.021379508526312853 0.34870381645143717 -0.6694589820108598
-0.10335294914189021 0.32322566173635564 -0.13555581512419154
-0.047674167396272754 0.319559197326489 -0.22270541038662747
0.2741620211346296 0.4032892744287107 -0.15671628677188845
0.20083893501974845 0.44848808735012924 -0.1396047412852989
0.0005181839889106766 0.33550165027077256 -0.5004522351788319
0.19266252298646808 0.4221840219884496 -0.22868731891211339
0.26689628154146555 0.40613809763524933 -0.18529858375447197
0.0005152896837661526 0.5968893455459229 0.1150372590103337
-0.2658470959265756 0.40614016499606687 -0.18529444903283693
-0.2731149028805572 0.4032913417895282 -0.1567100846894359
-0.199791816765676 0.4484922220717643 -0.13959853920284634
0.043263763196222514 0.35473637531695223 -0.1713438982362311
-0.07967701621947929 0.45701905176361385 0.1538374868334958
0.08074170704050064 0.4570293885677014 0.15387883404984615
0.13461826699344748 0.3764477986225175 -0.16124794168388606
0.10112857227028262 0.4014266857001686 -0.16736526234291932
-0.37827224454397634 0.24031922118383284 -0.09666338300856818
0.3793183291176401 0.2403172571910562 -0.0966641065848543
-0.04221240685247417 0.3547528108354515 -0.1713738749680851
-0.1916143710519869 0.42219125775131094 -0.2286924873141572
-0.09535153920181266 0.32321635861267684 -0.2172145000553019
-0.13998306831490454 0.2382178522808675 -0.18598804858711393
-0.24235143686745222 0.7238534158485948 -0.3167661928620233
-0.23851761959940748 0.6881219784229552 -0.28708199256370315
0.24340186289883267 0.7238533124805538 -0.3167661928620233
0.2395669085823383 0.6881219784229552 -0.28708199256370315
0.1007762939869777 0.35050345404308586 -0.13557442137154918
0.28663750998793697 0.8389930092193957 0.013557545505195794
0.3249003273665854 0.8825398974795771 -0.09543268311390021
-0.285588324373047 0.8389929058513547 0.013557235401073167
-0.3238500047032458 0.882539794111536 -0.09543299321802284
-0.05070553856299817 0.5342153383701135 0.08626941639437802
-0.029334299479955386 0.5104613625768413 0.0727167291871034
0.5626570548171058 0.09339633270864581 -0.19902058781270124
0.5767710304863363 0.21571256242137568 -0.21932000367990223
0.5774717624354337 0.2550565061395448 -0.2011902829906855
0.05175513765005164 0.5342112036484784 0.08629422472418823
0.029969392723096656 0.5098380532903598 0.0730605312910565
-0.5616078692022158 0.09339633270864581 -0.19901976086837425
-0.5757506845548507 0.21572600026668953 -0.21931504201394023
-0.5764587556348504 0.2550565061395448 -0.20124217374720518
-0.3166865994705489 0.3099107210230955 -0.13761180545721236
0.31773578508543887 0.30991082439113643 -0.13761180545721236
0.1410322539297945 0.23821475123964125 -0.1859911496283402
0.24091586151576827 0.688156193244485 -0.25997889224605314
-0.23986646916479656 0.688156193244485 -0.25997889224605314
-0.04674488870879879 0.37888004862432645 -0.493357052853113
0.047794694531934 0.37888004862432645 -0.493357052853113
-0.25135582690814817 0.7666166709908964 -0.292635957399963
0.2524052192591199 0.7666166709908964 -0.2926358540319221
0.2643699666224596 0.8265381939742634 0.0959615140110211
-0.26332078100756967 0.8265380906062225 0.09596130727493934
0.09640661679503254 0.32320912284981557 -0.21719175908630922
0.28395107797361424 0.7976084770062961 -0.19295495117410588
-0.28290075531027464 0.7976084770062961 -0.19295505454214676
-0.4650858936735658 0.3539248328280359 -0.24572443940927233
-0.4896036559208697 0.3407929569151669 -0.2501713325277517
0.466129910886412 0.3539218351548505 -0.2457098645155088
0.49061273473589984 0.34078582452034645 -0.250101972572324
0.04839464264117748 0.49942579053293457 0.1940724630640148
0.6031473501085881 0.21688062128327287 -0.23792418367673918
-0.6021032295277011 0.2168981938502218 -0.23788717791810562
-0.12004957531240407 0.4297857077144603 -0.07840114449094858
-0.15130393615162852 0.42991078304392 -0.13460379546772486
-0.1627323067508634 0.37112331083700206 -0.1384635581140294
-0.044491982257909464 0.5461977616684429 -0.03173140434786653
0.04554137460888118 0.5461977616684429 -0.031731197611784785
0.14858742403741096 0.3627267248766561 -0.2916704998981825
0.030490057544988354 0.38330513108618103 -0.7020323190516602
0.05756390470707048 0.5662418584746806 0.12100986441214079
-0.029440355089894014 0.38330513108618103 -0.7020323190516602
0.06708089686246985 0.5776619596306453 0.1785817284583587
-0.06603150451149814 0.5776619596306453 0.1785817284583587
-0.015331961294870775 0.4634929921636688 0.2136576057687636
0.1214088650499216 0.4239485144462006 -0.07816226094848447
0.49640434269813327 0.35460716526585745 -0.31903295063039
-0.49533551715547697 0.3546132639802691 -0.3189699994934966
-0.1484840559965351 0.36142532124202903 -0.29148133638337964
-0.05651699318907979 0.5662459931963156 0.12097265191742547
0.48122061117387843 0.3316884032428622 -0.31192433045935725
0.4676402213316491 0.3217433640301959 -0.28367487856839396
0.4502082349183444 0.3364464341643779 -0.28137493965890614
0.32279461700590334 0.18513216120866183 -0.0403796914877452
0.30300377189981154 0.2293809184663904 -0.026018459464739612
-0.32173922930856086 0.1851279231189859 -0.04038082853619484
-0.30194424948083404 0.2293860868684342 -0.02601928640906662
-0.48018176236307614 0.3317359525416651 -0.31187791820900396
-0.46663114251661897 0.32180424780627176 -0.2836780829776611
-0.4491650446498252 0.3364587349612421 -0.2813792811166229
0.2478228106390522 0.4138133814063636 -0.2858777548874994
0.07903220638049568 0.29758315183628153 -0.38937293845363474
0.05050903591729316 0.2594858266910753 -0.3059600978688611
-0.07798250392540135 0.29758315183628153 -0.38937293845363474
-0.04947556224461633 0.2590764892492069 -0.30608103847668583
-0.24677362502416228 0.4138132780383227 -0.2858777548874994
-0.03240381345376399 0.6163805267015156 0.040773627091523094
0.033453412540817455 0.6163805267015156 0.04077373045956398
0.15147035869743863 0.42621640926301685 -0.13421823267525793
0.16378562708738836 0.37112837587100495 -0.13846562547484692
0.16945329676861168 0.5269754407871683 -0.20932855221688268
0.0005247995435267315 0.3556553172003386 -0.05640949042656889
-0.1683989427516779 0.5269537334985843 -0.20948463795860525
-0.07286092760412521 0.5296826497777071 0.18030590738016802
0.0739104233231378 0.5296826497777071 0.18030590738016802
0.32381072484771306 0.16138025277620716 0.1648978672072126
0.3167827317485634 0.17106170348464 0.11902623170773308
-0.3227625729132318 0.1613792190957984 0.1648978672072126
-0.31573147877285596 0.17105756876300499 0.11902416434691554
-0.2102071805643275 0.28199421759179344 -0.33558651543233164
0.05132771080102996 0.44602999533810134 0.1916887960414175
-0.05040763186919394 0.4460226562071991 0.19178286095861452
0.049860504828838026 0.5688125182832222 0.15457863568657568
-0.04881793476856412 0.5688074532492193 0.1545507263155392
0.21125636617921745 0.28199421759179344 -0.3355874457446995
-0.14659552188973318 0.5249928417631694 -0.2673810776531733
0.147644810872664 0.5249958394363547 -0.2673769429315383
-0.28098121079120997 0.1781372458825925 0.1319131253637263
-0.28259065118764715 0.16825422749445174 0.15109720006987679
0.28203969952977875 0.17813931324341 0.13191415904413506
0.2836429378437633 0.16825422749445174 0.1510992674306943
0.0005246961754858556 0.4871684082458754 0.22464046011182356
-0.3375266301915306 0.16916489993456804 0.15064238069002303
-0.33267143331159155 0.17592206876662286 0.1294002482900342
-0.31365584851206874 0.15712769157457437 0.12633734987084164
0.5845793489260577 0.24540606584337465 -0.2465275057188369
0.33857374844560306 0.16916696729538555 0.15064134700961426
0.3337164842048465 0.17592516980784914 0.12939921460962542
0.3147071014877762 0.1571338936570269 0.12633952059970002
-0.583542464108032 0.24543707625563743 -0.24648636523856826
0.25865371396202463 0.3688099340822003 -0.14181164895799847
-0.25762416827490114 0.368790190786393 -0.14179924479309336
0.0005246961754858556 0.46807116269406057 0.21566294576175526
-0.047345250290205775 0.49942579053293457 0.1940724630640148
-0.02777623299983358 0.48464726172891315 0.17337094551780668
0.2970580421886322 0.38148802429562434 -0.1847919769861394
-0.29600885657374226 0.38148998828840097 -0.1847910466737715
0.0005298645775296486 0.18851849822775493 -0.18394136137777192
0.056011006628992464 0.5443711450181256 0.1751726504702729
-0.054961510909979874 0.5443711450181256 0.1751726504702729
0.3701878300670755 0.22429831189652447 -0.11812786006448099
-0.36914071181300306 0.2242982085284836 -0.11812910048097149
0.016821804868014517 0.44784513813588145 0.18468044287003432
0.012056434815596583 0.43433586550577463 0.2279637426259824
-0.015775306822187328 0.44785030653792524 0.18467734182880804
-0.011006939096583996 0.43433586550577463 0.2279637426259824
-0.2630871692351902 0.7069567725189861 -0.26197596279577473
0.26413645821812104 0.7069567725189861 -0.26197596279577473
0.3041998435007861 0.8086325751976655 -0.20069101535325512
0.2817400355792797 0.7470005178738848 -0.28824891437715067
-0.30314941746940566 0.8086325751976655 -0.20069111872129597
-0.2806896095478992 0.7470005178738848 -0.28824901774519157
0.005826959832212996 0.44275529580315415 0.233608671338213
-0.28235807309567645 0.8194005273837445 -0.020551840623019856
-0.26779558349708554 0.783098705108552 0.05752524505978291
0.2834072587105664 0.8194006307517854 -0.020551840623019856
0.26884476911197547 0.783098705108552 0.05752534842782377
0.0005140492672756422 0.3421544173815428 -0.6680200988818679
-0.29970633139587166 0.7996530968548206 -0.19579457462500657
0.30075562037880255 0.7996530968548206 -0.19579447125696572
0.578502341802966 0.24026040476857446 -0.19102300249013612
0.16416498779740277 0.6854355464086325 0.07792730539157365
-0.16311476850210407 0.6854355464086325 0.07792720202353277
-0.577484063232298 0.24025833740775696 -0.19105835436011565
0.30740828412153187 0.3870461238535192 -0.27138958691029824
-0.3063590985066419 0.38704602048547837 -0.2713896902783391
0.15139696738841676 0.6757892408340974 0.09238487642867553
-0.15034778177352684 0.6757892408340974 0.09238477306063467
-0.026117899520062184 0.3488412959458021 -0.7247659489134468
-0.023456069099467965 0.19722312094991093 -0.7532728905942317
0.027167601975156525 0.3488412959458021 -0.7247659489134468
0.024499466104068876 0.19722312094991093 -0.7532728905942317
0.45322037962946693 0.38591527748633736 -0.2679236564997307
-0.45217098727849525 0.3859141404378877 -0.2679247935481804
0.20996013094663418 0.3127400076699086 -0.21343846552210677
0.2632949389973507 0.3763413295404153 -0.2543298288121875
0.021292265899813628 0.18088683576989034 -0.7335532660683035
-0.0202442173333733 0.18088683576989034 -0.7335523357559357
-0.20890991165133546 0.3127400076699086 -0.213429162398428
-0.2622446163340111 0.3763413295404153 -0.25432993218022837
0.0005249029115676074 0.19050936669502397 -0.7866649025187691
0.2763792656114168 0.07310125829916157 0.2072766966054969
-0.2753290463161181 0.07310125829916157 0.2072766966054969
-0.040369561419739367 0.5391459939198918 0.19362694680783984
0.04141905713875196 0.5391459939198918 0.19362694680783984
0.0005236624950770971 0.2923557266411485 -0.06934445022156939
-0.02883906319611915 0.4755228613927603 0.19096315239446898
-0.037455099507244544 0.47970409864618874 0.2158944901733172
0.02988824881100911 0.47551872667112527 0.19097555655937407
0.038504595226257134 0.47970409864618874 0.2158944901733172
0.0005246961754858556 0.43088140894774435 0.23167465529342568
-0.016979854602513705 0.1994227928597492 -0.7677723256878884
0.018026249280300013 0.19942175917934046 -0.7677692246466622
0.33438527542931334 0.20003059694009925 0.1471361367435139
-0.3333391908556496 0.20003163062050802 0.14713717042392266
-0.023076501653371814 0.17479122239944098 -0.7717995445604119
0.02412868494144717 0.17479122239944098 -0.7718016119212294
-0.2796064158475611 0.17650403083675395 0.17257604528347134
0.2806587025036773 0.17650299715634518 0.17257604528347134
-0.078754663190744 0.1911399117443667 -0.19170533492795763
0.07979464904999603 0.19112130549700904 -0.19172910957735909
0.2252369970757181 0.6989312778253846 -0.2996732536227914
-0.22418760472474641 0.6989312778253846 -0.29967428730320017
-0.5837037182517983 0.22261444651065673 -0.19603035712624442
0.5847283022729599 0.22261134546943043 -0.19601257782321377
0.3027639580449796 0.40459905087464865 -0.35449139306007643
0.46099768765692556 0.34628500429494213 -0.3122065252109483
-0.30171466906204875 0.40459905087464865 -0.35449139306007643
-0.45995253339562975 0.34630660821548515 -0.31218709201926365
0.0005187008291150559 0.32985155315649817 -0.6858478815236863
0.0005246961754858556 0.5729742189769251 0.17395290758793777
-0.06039908333221351 0.327146411526777 -0.36415010279951665
-0.0360427819647577 0.3378987551386837 -0.49091653340803393
-0.05356542214991054 0.3628207897938531 -0.4565631987033513
0.06144868241926698 0.327146411526777 -0.36415010279951665
0.037092587787892914 0.3378987551386837 -0.49091653340803393
0.05461512460500488 0.36282182347426184 -0.4565631987033513
-0.21218657517905926 0.743689742892672 -0.27647333052861384
0.213235967530031 0.7436896395246311 -0.27647333052861384
0.030053844412492235 0.5726341381224436 0.09735770613913132
-0.029003625117193517 0.5726372391636698 0.09734189082887731
-0.5035511056762492 0.32925915091423863 -0.2900693289450154
0.5045922285839508 0.3292292775504255 -0.29010126966964606
0.22329161054643448 0.7025946411940249 -0.24625575113937423
0.0005226288146683385 0.353688223382471 -0.3434196422018633
-0.22224232156350363 0.7025946411940249 -0.24625471745896546
-0.013967813259432076 0.1930263784903511 -0.7359670131907956
0.015015655089790648 0.19302741217075986 -0.7359690805516131
0.1595671773392446 0.35737846244173915 -0.15905137081527407
0.24575855086276135 0.33794216971585156 -0.17023992755967696
0.0005247995435267315 0.16825836221608675 -0.7379155007613056
0.17585591322046232 0.31424711370587866 -0.33877634980571975
0.2537426983400127 0.37597127195407976 -0.3462023098622414
0.09388784774301051 0.23716763298556878 -0.15089563239016887
-0.0928448642105731 0.2372069128411016 -0.15089149766853385
-0.20896252598414128 0.7073008847270619 -0.29169530822799267
0.21001295201552175 0.7073008847270619 -0.29169530822799267
0.06496309244100527 0.4981946771661031 0.1949262830816494
-0.06391359672199269 0.4981946771661031 0.1949262830816494
-0.17480672760557234 0.31424711370587866 -0.33877634980571975
-0.25269351272512264 0.37597127195407976 -0.3462024132302823
-0.15995790853375536 0.3639464677589912 -0.19461721263943058
-0.15851592436353712 0.35736802226961073 -0.15904930345445656
-0.24471970205195898 0.3379296621829056 -0.1702337254772244
-0.2898191782860959 0.21158817759042897 0.14432028794201468
0.29087559966384713 0.21158197550797636 0.14431935762964676
0.09647969799993178 0.5457739527008518 0.13463687324080514
-0.09542854839226518 0.545777984054446 0.13458725658118473
-0.05666842736896292 0.5453346385271295 0.1671936713950654
0.057717923087975506 0.5453346385271295 0.1671936713950654
0.0005246961754858556 0.43932647451926105 0.23693712225441563
-0.0047775674812412855 0.44275529580315415 0.233608671338213
-0.2885208756926951 0.40447490585755674 -0.18617938283077515
0.28957109498799377 0.4044707711359217 -0.18618134682355178
-0.08401330553422154 0.4211658467858225 -0.03543683850914342
0.04735010858812694 0.258669219168156 -0.42035440766494697
-0.0463004061330326 0.258669219168156 -0.42035440766494697
0.16100916150946284 0.3639619729651226 -0.19461101055697802
-0.3519154614814501 0.17672317108341076 -0.07511931256118096
0.35296361341593124 0.17673040684627206 -0.07511817551273132
0.46138748853906847 0.39315207402805613 -0.29640465280225586
-0.46033613219532005 0.39314783593838026 -0.2964048595383377
0.0005249029115676074 0.5041559120834139 -0.038956416932925515
0.02049509156857901 0.46960297369179993 0.188132935435288
-0.0194461126897708 0.469607108413435 0.18812569967242668
0.06605259159183682 0.5645755656557617 0.16205111136149147
-0.06500226892849723 0.5645776330165793 0.16201493254718494
0.04857708723332337 0.4377575543948473 0.24524791274083463
-0.04805270116196015 0.43776055206803266 0.24536368494661556
0.604518010330602 0.2481804640604827 -0.24885121927772616
-0.6034470140590873 0.24819183454497906 -0.24879767463255245
0.0005249029115676074 0.4480942551143922 0.14493853219449318
-0.5057456091840437 0.3574590895136224 -0.24739796799105246
-0.32092985754850284 0.2743851927348806 -0.16624682014064257
0.3219790431633928 0.2743852961029215 -0.16624671677260167
-0.059543609425924904 0.580708112427216 -0.045475735902925
0.14290941755210007 0.5157900884520326 -0.13509892838352022
0.5067898331329717 0.35750870617324276 -0.24730793442744958
-0.289595903317804 0.8637629894864365 -0.12400247256353775
-0.2865795205170056 0.8227331130215821 -0.20366501725729444
-0.29950993211820753 0.822348583909524 -0.20494264624252004
0.290645088932694 0.8637630928544775 -0.12400226582745599
0.28762994654838603 0.8227331130215821 -0.20366491388925353
0.3005592211011384 0.822348583909524 -0.2049415091940704
0.0605931051449375 0.580708112427216 -0.045475529166843255
0.27742121546344545 0.8417105550140219 0.0025205263087169235
0.23047558601926574 0.8127302910740664 0.05447785184672174
-0.27637202984855547 0.8417104516459809 0.00252011283655342
-0.22942640040437579 0.8127301877060255 0.05447774847868086
-0.031841698047481076 0.44718358267427594 0.24459566040290795
-0.03173202455611179 0.42221286167185396 0.22207176429605846
0.032374250194073494 0.44718461635468465 0.2443620486305285
0.03241880181969099 0.4222203041707971 0.22183401780204398
-0.07095378724996564 0.5466546484091142 0.18462979253000517
0.07200328296897822 0.5466546484091142 0.18462979253000517
0.041110090064574015 0.3929360348226256 -0.4384448484986309
-0.04006038760947967 0.3929360348226256 -0.4384438148182221
0.35952748401154827 0.19738747613490354 0.06072562297334035
0.39258354980323895 0.22522552322318087 -0.017993584979383245
-0.35848243311829336 0.1973873727668627 0.0607262431815856
-0.39154470099243655 0.22522965794481595 -0.017992137826810983
0.07721334233324409 0.5430315985764154 0.16944709468615912
-0.0761638466142315 0.5430315985764154 0.16944709468615912
-0.3189865383800367 0.22457740560688927 0.15346329452552518
0.3200367576753354 0.2245691361636192 0.15346029685233978
-0.03986636579675569 0.503269014292699 0.20484754764491422
0.04091586151576827 0.503269014292699 0.20484754764491422
0.0005251096476493591 0.6252824790137035 -0.05303287000331811
-0.23365301622774873 0.4200588784360829 -0.3234831515261774
0.23470333889108835 0.4200588784360829 -0.32348304815813655
0.30395692860472784 0.37163498263933753 -0.3454083399402739
-0.3029075362537561 0.37163498263933753 -0.3454084433083148
-0.1420349239262903 0.5190006998016368 -0.1407655643843348
-0.2636019420787519 0.08011229903960754 0.1933457857366575
0.26465112769364196 0.0801124024076484 0.19334588910469838
0.0005224220785865868 0.23838944322872144 -0.4348093945010269
0.2008099919683032 0.4566861033039527 -0.1875757816949671
0.07243680853241156 0.2997683522203972 -0.09327032706681813
-0.07139206774327927 0.299825101274838 -0.09329120741107505
0.0005246961754858556 0.47406857642567785 0.2028639149405065
0.04990185204518837 0.5908620584504923 0.18389898048101283
-0.04885245969421666 0.5908620584504923 0.18389898048101283
0.0005247995435267315 0.19223147825601575 -0.730421317797806
0.09465277124549186 0.5267965107084122 0.14094335741464126
-0.09360255195019314 0.5268006454300472 0.1408978754766559
-0.05248419244234906 0.43187891054219635 0.1415811382268453
-0.01348653166111408 0.11836777728735386 -0.7707421928702928
0.014536337484249295 0.11836777728735386 -0.7707421928702928
-0.19976184003382202 0.4566881706647702 -0.1875664785712883
0.032472139728782934 0.4856963439757623 0.21192205636245798
-0.031422644009770344 0.4856963439757623 0.21192205636245798
0.05356025374786674 0.43188087453497304 0.14159871079379419
-0.1711371621544794 0.34710678021990515 -0.22581678841699082
0.000524489439404104 0.48337480114573134 0.16213690683541845
-0.03622543329298534 0.40563789968545105 -0.4897267672575529
-0.032045953296251775 0.3690754865792104 -0.6703240691449499
0.037275135748079676 0.40563789968545105 -0.4897267672575529
0.033095655751346105 0.3690754865792104 -0.6703240691449499
0.1721873814497781 0.3471057465394964 -0.22582712522107837
0.13737509264360662 0.6899299888259148 0.0891103836298101
-0.1363248733483079 0.6899299888259148 0.08911017689372835
-0.10502296321028058 0.5363023391153969 0.1929064715629351
0.10607214882517052 0.5363023391153969 0.1929064715629351
0.6029633549958291 0.2250353260279693 -0.19659867461497987
-0.6019265735458442 0.22503015762592551 -0.19662575704168936
0.0005247995435267315 0.17580526288043313 -0.7805713565091372
0.5738074687544255 0.09849940615060516 -0.1895903214435967
-0.572757042723045 0.0984993027825643 -0.18958949449926968
-0.5896236059527588 0.2145889518170551 -0.23376589412838517
0.5906511876471057 0.21456827820887991 -0.2337935967633399
-0.038805602961287634 0.5234763292354797 0.19274108269753376
0.03985509868030022 0.5234763292354797 0.19274108269753376
0.10576204470254297 0.5044162961783801 -0.09129723790257976
-0.058010971483858566 0.5204539510883104 0.17842771007745367
0.2706258004562665 0.3532716501777413 -0.3442775969411329
-0.2695754777929269 0.3532716501777413 -0.3442777003091738
0.05906046720287115 0.5204539510883104 0.17842771007745367
-0.10509635451930244 0.5049331363827594 -0.0917877192565357
-0.07928793891362255 0.4860303261158321 0.12246735378849039
0.0803393986254118 0.48602825875501465 0.12250559996361446
0.0005236624950770971 0.41814843030461524 -0.04162848078956644
-0.03246779827106615 0.34218129307217054 -0.7096122974890869
0.033517500726160485 0.34218129307217054 -0.7096122974890869
0.0384062922193842 0.4715319247025843 0.20954459142231321
-0.03735679650037161 0.4715319247025843 0.20954459142231321
0.0005188041971559318 0.4230719534595732 -0.48727280996716
-0.0744802913324864 0.5533280891280595 -0.1225893280767239
-0.4653360443324853 0.36535630446849704 -0.322509321213086
0.4663883309886016 0.36535330679531164 -0.32252058832954145
0.014893990905679763 0.516738903699232 0.21590275961658728
0.016143813887909766 0.48681488954607993 0.21433880115813553
0.02517518298727436 0.5109553584441869 0.19918297900491722
-0.013844598554708052 0.516738903699232 0.21590275961658728
-0.015094318168897175 0.48681488954607993 0.21433880115813553
-0.024125687268261774 0.5109553584441869 0.19918297900491722
0.07553247462056176 0.5530252207682933 -0.12227395218401164
-0.600570281481512 0.26019803249270995 -0.1965947466294266
0.6016257725468954 0.2602259418637464 -0.19654078851208942
-0.35810203872787016 0.2576768859757478 -0.050967163074454966
0.35914915698194266 0.25766551549125144 -0.05096861022702723
-0.06258686791735105 0.16984402796312242 -0.24429589308436797
-0.29418957905432713 0.8291646725248781 0.009325864647819915
-0.3305658263189504 0.8681385586567115 -0.09396392662109515
0.2952397983496258 0.8291647758929189 0.009325968015860792
0.33161614898228997 0.8681385586567115 -0.09396361651697252
-0.2380710696628238 0.7728559659381632 0.1026331974732716
0.23912025527771372 0.7728559659381632 0.10263330084131249
-0.3108607766867855 0.17964848664019756 0.04899500422258447
0.311916164384128 0.17965262136183258 0.04899634800711586
0.0005249029115676074 0.10839792974487733 -0.7396355449614799
0.010142265434657443 0.1112188435803795 -0.7525823920811812
-0.009092562979563104 0.1112188435803795 -0.7525823920811812
0.0005252130156902349 0.5161590089899185 0.03224028521309839
0.0005246961754858556 0.5534065454710843 0.21182799144526093
0.06361827422921036 0.16985333108680123 -0.24436411599134603
-0.23745189509797737 0.7260303467894403 -0.24232879926650036
0.2385011840809082 0.7260302434213994 -0.24232879926650036
0.29513746398915874 0.8172442700510741 -0.008816570310424562
-0.2940882783742688 0.8172441666830332 -0.008816673678465439
0.03773750099491739 0.5028947186166876 0.1962628318501742
-0.03668800527590481 0.5028947186166876 0.1962628318501742
0.0005250062796084832 0.4395116066804697 0.18258827372270695
-0.06545553778773787 0.5757176067817704 0.1466368691060835
0.06650296614593293 0.5757123350116857 0.1466771826420251
-0.07687512210349828 0.6074071470730822 0.199218124138815
0.07792461782251087 0.6074071470730822 0.199218124138815
0.05823610707688619 0.5760556202754346 0.19441977968135765
-0.05718661135787359 0.5760556202754346 0.19441977968135765
-0.0397862555650769 0.4912669510666031 0.20358749122663752
0.04083575128408949 0.4912669510666031 0.20358749122663752
0.0005249029115676074 0.20054123506202598 -0.7775032896879008
0.06991628222369464 0.5006382976524084 0.21533526907217881
-0.06886678650468205 0.5006382976524084 0.21533526907217881
0.2045757930654516 0.7137459854437125 -0.2705317355390695
-0.203525470402112 0.7137459854437125 -0.2705317355390695
-0.35812788073808915 0.17380199024825901 0.05166024578852759
0.3591718979509353 0.17380819233071157 0.05165993568440497
0.3112753858987386 0.8814545330503806 -0.09964524088371406
-0.310225063235399 0.8814544296823397 -0.09964544761979581
0.0005183907249924284 0.3528767842615956 -0.7348713119575117
-0.3200677680875982 0.1692630995734001 0.1854691410219171
-0.3005084673930683 0.17657948950659333 0.18723776820130306
0.3211148863416707 0.16926206589299134 0.18546810734150834
0.3015586866883671 0.17657742214577582 0.18723673452089432
0.0005246961754858556 0.4733903787094914 0.22295142632391202
-0.022379594321786777 0.337871879448056 -0.6808315338680218
0.023429296776881117 0.337871879448056 -0.6808315338680218
-0.0739116637396283 0.5112149155948261 0.1360478469987606
0.07496095272255913 0.5112149155948261 0.1360829921326584
0.6229433636167238 0.222647524283737 -0.21980686715242756
-0.6218713336648002 0.22264442324251074 -0.21979156868237795
0.02880412479830311 0.47177070487700756 0.21733854170435293
-0.02775462907929052 0.47177070487700756 0.21733854170435293
0.07447615661085137 0.4943990027051416 0.21195513413553824
-0.07342666089183879 0.4943990027051416 0.21195513413553824
0.08299854147694324 0.5223032053395795 0.13239378675379904
-0.07821601232973992 0.5353689257062879 0.12715509444221054
-0.08194708176515401 0.5223082703735824 0.13235347321785745
-0.08111827681341138 0.5614021668008728 0.1425021474710492
0.08216818600458747 0.5613968950307882 0.14254762940903457
0.07926674846524301 0.5353668583454704 0.12719540797815213
0.08811164161886756 0.598391283179849 0.19515162541075876
-0.08706214589985496 0.598391283179849 0.19515162541075876
0.0005198378775646903 0.4128302479695933 -0.42670120537472467
-0.21895831890487763 0.7917112269062876 0.09600327469953494
0.22000750451976758 0.7917112269062876 0.09600327469953494
0.32396691395747645 0.8390788046933225 -0.11597056905140184
-0.3229176249745456 0.8390787013252816 -0.11597077578748358
0.3430971339143306 0.28805675318916246 -0.17209228285217232
-0.3420479482994407 0.2880566498211216 -0.17209228285217232
0.3074299914101158 0.3491545011096559 -0.29510531652844635
-0.3063796687467762 0.349154397741615 -0.29510541989648725
0.0005183907249924284 0.32465937646330384 -0.4951970039807032
-0.02554079574785227 0.385471725222939 -0.6721010691356467
0.026590498202946608 0.385471725222939 -0.6721010691356467
0.03759454299438608 0.4906053956049976 0.1802966042564892
-0.03654504727537349 0.4906053956049976 0.1802966042564892
0.0005246961754858556 0.3860331170529358 -0.04609625425230278
0.5788672309872578 0.09403535393734036 -0.20780480392633166
-0.04666601889361051 0.33176892694670446 -0.18427627383020972
-0.5778180453723678 0.09403535393734036 -0.20780501066241341
-0.020806952947901473 0.460079779453948 0.21761246701267395
0.02185644866691406 0.460079779453948 0.21761246701267395
0.047022845370713974 0.33208326915900793 -0.18405299886191787
0.6216989157726192 0.25510095439712144 -0.22746540530091988
-0.620600010130068 0.25508131446935495 -0.227451140511279
0.000528003952793883 0.4826242458009317 0.07198684745047895
-0.5245668620667199 0.36164446148868584 -0.2786730024384521
0.5256689721185382 0.36170441495239386 -0.27868013483327253
0.10755961493337414 0.5418138196868568 0.1885991252996381
-0.10651042931848416 0.5418138196868568 0.1885991252996381
-0.01944445880111679 0.1727941518497194 -0.7577156489910762
0.02049612524898777 0.17279518553012818 -0.7577156489910762
-0.10437898031562397 0.5438833512332324 0.1956395225636928
0.1054291996109227 0.5438833512332324 0.1956395225636928
0.0005133256909895112 0.3960969261445685 -0.673165759956668
-0.2420631434014494 0.7816381146909761 0.0458940663643496
0.2431123290163394 0.781638218059017 0.045893962996308726
-0.03589486229826434 0.32772320519486425 -0.4815172774511922
0.03694456475335869 0.32772320519486425 -0.4815172774511922
-0.04184565704344662 0.5250310879382935 0.1969822734146702
0.042895152762459206 0.5250310879382935 0.1969822734146702
0.04794406135099962 0.4949034387446158 0.20332390272240408
-0.04689456563198703 0.4949034387446158 0.20332390272240408
-0.29866644890466054 0.8375745929624969 -0.11219887597592351
0.29971573788759137 0.8375746963305379 -0.11219866923984176
-0.2883553834592528 0.33689298410096163 -0.2911103484846762
0.28940467244218365 0.33689298410096163 -0.2911112787970441
-0.08200259040310434 0.5981691452600068 0.20526825557127898
0.08305198275407606 0.5981691452600068 0.20526825557127898
0.0005246961754858556 0.4558136770389605 0.22193015008005856
0.0005246961754858556 0.5058728552423619 0.22335559536373661
0.0005198378775646903 0.3153696906297905 -0.48779068385194796
-0.2923392911226493 0.37034277876034843 -0.21733440698271786
0.293389510417948 0.3703407113995309 -0.21733440698271786
-0.0707950139391803 0.5653269479448884 0.13540903250614783
0.07184347597778415 0.5653228132232533 0.13545037972249815
