2 3 1
30 4 1
6 31 5
32 33 5
8 34 7
4 30 7
35 36 37
38 39 37
40 41 5
42 43 5
10 11 9
44 12 9
14 15 13
45 46 16
17 18 16
47 48 16
19 49 9
50 51 9
20 52 53
18 17 53
54 55 56
48 47 56
57 58 9
59 60 9
22 23 21
24 61 62
63 64 25
65 66 62
67 68 26
69 27 26
28 70 71
27 69 71
72 73 29
74 75 29
76 77 25
78 79 25
89 90 88
119 91 88
93 120 92
121 122 92
94 123 124
90 89 124
95 125 126
91 119 126
127 128 129
130 131 129
132 133 92
134 135 92
97 98 96
99 136 137
138 139 100
140 141 137
142 143 101
144 102 101
103 145 146
102 144 146
147 148 104
149 150 104
151 152 100
153 154 100
81 82 80
105 83 80
85 106 84
107 108 84
87 109 86
83 105 86
110 111 112
113 114 112
115 116 84
117 118 84
156 157 155
191 158 155
159 160 192
193 194 192
161 162 195
196 197 195
163 164 198
199 200 198
165 166 201
202 203 201
204 205 206
207 208 206
209 210 206
211 212 198
213 214 198
215 216 198
158 191 217
203 202 218
219 220 218
194 193 218
168 169 167
221 170 222
223 172 171
224 225 226
227 174 173
228 229 230
231 176 175
232 233 234
235 178 177
236 237 238
239 180 179
240 241 242
243 182 181
244 245 246
247 184 183
248 249 250
251 186 185
252 253 254
255 188 187
256 257 258
259 190 189
260 261 262
263 264 265
266 267 268
269 270 185
271 272 187
273 274 175
275 276 175
277 278 177
279 280 177
281 282 177
283 284 179
285 286 179
287 288 181
289 290 250
291 292 254
293 294 230
295 296 226
297 298 234
299 300 222
301 302 268
303 304 238
305 306 262
292 291 242
308 309 307
310 333 307
311 334 335
312 336 335
337 338 339
340 341 339
313 314 342
343 344 342
315 345 346
347 348 346
349 350 351
352 353 351
316 317 354
355 356 354
318 357 358
359 360 358
361 362 363
364 365 363
319 320 366
367 368 366
321 369 370
371 372 370
373 374 375
376 377 375
322 323 378
379 380 378
324 381 382
383 384 382
385 386 387
388 389 387
325 326 390
391 392 390
327 393 394
395 396 394
397 398 399
400 401 399
328 329 402
403 404 402
330 405 406
407 408 406
409 410 411
412 413 411
414 415 331
416 417 331
418 419 331
329 328 332
405 330 332
410 409 332
425 440 428
428 421 425
421 422 420
428 423 420
425 429 424
430 431 424
427 432 426
423 428 426
433 434 435
436 437 435
438 439 424
440 441 424
443 480 472
481 446 473
484 472 480
473 485 481
484 450 444
451 485 447
472 484 444
485 473 447
487 442 480
448 480 442
445 486 481
481 449 445
485 451 482
450 484 483
448 483 484
480 448 484
482 449 485
449 481 485
446 481 486
480 443 487
487 478 442
479 486 445
478 448 442
449 479 445
478 483 448
482 479 449
472 478 443
479 473 446
444 450 478
472 444 478
451 447 479
447 473 479
482 451 479
450 483 478
479 446 486
443 478 487
452 453 454
454 453 470
456 455 457
456 457 471
458 459 460
460 459 476
462 461 463
462 463 477
475 465 466
466 465 464
468 474 469
468 469 467
470 453 452
456 471 455
468 467 474
464 465 475
476 459 458
462 477 461
661 648 500
527 692 638
527 638 628
627 566 693
653 502 729
661 500 574
693 566 698
642 718 498
498 672 653
685 501 587
653 663 502
618 636 503
646 692 527
559 702 699
508 499 507
719 505 670
637 619 506
526 652 728
619 508 506
684 508 588
649 490 648
511 647 646
498 653 729
698 566 649
652 505 728
559 699 647
523 684 588
670 505 652
574 500 627
629 683 527
662 652 526
719 622 505
527 683 634
527 634 542
559 628 702
498 718 672
570 553 504
502 663 718
504 551 570
553 618 503
553 685 587
705 552 501
551 552 570
559 647 511
528 559 511
628 559 528
564 499 508
565 706 523
565 499 564
662 526 719
649 566 490
566 524 490
566 627 524
502 718 642
575 576 502
569 642 498
576 569 498
570 554 553
570 552 554
573 507 499
565 573 499
627 693 574
568 661 574
642 575 502
568 574 693
729 502 576
576 498 729
622 577 505
577 597 505
702 628 638
719 526 622
504 587 551
504 553 587
588 507 573
508 507 588
526 728 597
505 597 728
608 622 526
597 608 526
553 554 618
705 554 552
564 508 619
564 706 565
578 622 608
577 622 578
627 500 630
627 630 524
527 628 629
629 628 528
722 629 528
722 683 629
630 723 524
683 500 634
634 500 542
636 705 501
636 501 685
706 637 523
523 637 684
638 578 702
692 578 638
642 568 575
642 569 568
646 542 511
542 646 527
692 646 647
699 577 647
542 648 490
648 542 500
648 661 649
569 698 649
662 523 652
523 670 652
501 663 653
672 501 653
569 661 568
649 661 569
523 662 565
565 662 669
663 501 552
663 552 671
565 669 573
669 588 573
670 523 588
588 669 670
671 552 551
587 671 551
501 672 587
671 587 672
683 630 500
683 723 630
506 508 684
684 637 506
553 503 685
636 685 503
692 577 578
692 647 577
575 568 693
693 698 575
575 698 576
569 576 698
699 608 597
597 577 699
578 608 702
699 702 608
554 705 618
636 618 705
706 564 619
619 637 706
663 671 718
718 671 672
669 662 719
669 719 670
526 728 522
728 505 522
729 502 512
498 729 512
606 579 716
617 665 495
727 556 616
607 609 594
589 493 694
604 625 591
664 611 538
675 673 639
549 726 610
517 516 515
515 516 536
519 520 518
519 537 520
726 639 640
525 605 717
657 694 676
531 530 540
529 530 531
533 534 541
533 532 534
643 727 644
676 605 657
536 516 517
519 518 537
625 604 538
610 726 626
625 538 491
540 530 529
533 541 532
677 543 607
727 616 543
495 607 543
609 607 495
495 607 544
664 538 604
697 604 591
549 558 583
593 558 611
495 665 609
609 696 594
667 668 643
561 596 617
607 561 557
561 556 557
625 497 558
489 607 561
494 555 562
595 594 696
548 496 563
591 592 697
606 674 658
625 538 626
558 625 583
626 680 625
695 658 674
694 657 589
558 593 591
591 625 558
591 593 592
548 563 592
593 611 664
593 664 592
596 561 594
607 594 561
596 594 595
562 555 595
617 596 665
665 596 595
598 548 592
598 496 548
555 601 595
494 601 555
604 697 496
664 604 496
667 605 676
535 717 605
606 673 674
716 488 606
607 489 545
545 544 607
696 609 494
609 665 494
611 610 538
538 610 626
558 549 611
611 549 610
616 617 495
616 495 543
556 561 617
556 617 616
497 625 539
491 539 625
658 695 584
521 584 695
549 675 639
639 726 549
673 640 639
668 556 643
727 643 556
644 667 643
589 657 525
525 657 605
658 584 579
658 579 606
716 579 659
579 732 659
525 717 660
733 525 660
592 664 598
496 598 664
665 595 601
601 494 665
535 667 644
535 605 667
667 676 668
557 556 668
673 488 640
606 488 673
674 673 675
695 674 680
583 674 675
549 583 675
676 557 668
676 694 677
677 557 676
677 607 557
583 680 674
625 680 583
694 727 543
677 694 543
726 695 626
695 680 626
595 696 562
494 562 696
697 592 563
563 496 697
726 640 521
521 695 726
644 727 493
694 493 727
579 584 732
732 584 521
589 525 733
589 733 493
690 666 714
585 679 650
651 585 650
586 732 585
666 691 713
493 678 645
733 623 590
650 715 560
603 703 656
490 510 514
513 514 510
666 631 691
510 511 514
510 509 511
631 666 690
572 498 512
514 513 490
513 510 490
509 514 511
514 509 510
679 521 641
505 571 522
704 602 655
491 550 539
510 511 542
490 510 542
546 544 545
489 546 545
721 615 686
613 720 687
550 497 539
704 620 560
621 703 567
571 526 522
502 572 512
659 586 635
623 660 633
582 547 612
547 582 614
586 659 732
521 679 585
732 521 585
624 635 586
651 586 585
660 623 733
678 493 590
493 733 590
535 720 717
704 655 620
721 488 716
656 703 621
681 688 602
690 688 631
689 682 603
689 691 631
612 613 687
633 660 613
612 581 613
615 614 686
659 635 615
580 614 615
701 620 655
493 645 644
621 700 656
641 521 640
633 624 623
651 624 586
492 624 581
624 492 580
715 683 722
510 490 632
511 510 632
631 688 632
689 631 632
633 613 581
633 581 624
615 635 580
580 635 624
700 488 725
641 621 679
641 700 621
535 701 724
620 645 678
701 645 620
590 651 650
678 590 650
624 651 623
623 651 590
707 721 686
720 707 687
701 655 724
724 655 654
656 700 725
656 725 654
654 714 666
713 654 666
650 560 678
560 620 678
567 650 679
621 567 679
528 688 681
528 681 722
689 524 682
682 524 723
686 614 582
707 686 582
612 687 582
687 707 582
632 688 511
688 528 511
689 632 490
524 689 490
690 602 688
690 714 602
603 691 689
713 691 603
641 640 700
700 640 488
644 645 701
644 701 535
703 682 567
682 703 603
681 704 560
704 681 602
720 654 707
654 721 707
708 709 712
711 708 712
711 712 710
712 709 710
656 654 730
603 656 730
654 655 731
655 602 731
683 715 723
715 650 567
615 716 659
721 716 615
717 613 660
717 720 613
720 599 654
535 599 720
600 721 654
600 488 721
681 560 722
715 722 560
567 682 723
723 715 567
654 599 724
535 724 599
600 654 725
725 488 600
713 603 730
730 654 713
602 714 731
654 731 714
