0.2840640417708292 0.6399888548004615 0.213332504117801
0.3214013498141608 0.511435727546598 0.02221758356438787
0.2803263842043305 0.5095125749088503 0.02271448256793203
0.252655111238972 0.6383573118090224 0.21348693150368048
0.2860801241352856 0.6336400714919553 0.24074494090105963
0.32475149795643027 0.5006176153859133 0.06890823094815159
0.2836765323466 0.4986944627481656 0.0694061804781303
0.25445728840125387 0.6319977121189767 0.2408993682869391
0.33603267231459066 0.4637765872066435 0.22789174997428838
0.32475149795643027 0.5006176153859133 0.06890823094815159
0.2836765323466 0.4986944627481656 0.0694061804781303
0.2949577067047604 0.46185343456889577 0.22838969950426707
0.3214013498141608 0.511435727546598 0.02221758356438787
0.2690111090168379 0.546473881250841 -0.13678589546400544
0.2803263842043305 0.5095125749088503 0.02271448256793203
0.31008710798513284 0.5483970338885886 -0.13728384499398416
0.3147816554898615 0.5296825305487063 -0.16319402897583024
0.2737056565215666 0.5277593779109587 -0.16269712997228608
0.3407272198193193 0.44506208386676116 0.2019815659924423
0.299652254209489 0.44313893122901343 0.20247846499598646
0.43651231597952456 0.06502029802159728 -0.565106533360465
0.4328190928270042 0.046617306470056574 -0.5899546351169765
0.4260082271867518 0.07091782189226971 -0.5924916564564252
0.4201118837876804 0.0641463343931945 -0.5650529565123027
0.42946687796780547 0.058191700027992795 -0.5376688839427769
0.3154481716995357 0.48673543866267993 0.01980137276491309
0.3045441731809584 0.49481570832805133 -0.01664874293481578
0.2990188054706824 0.4859661776075808 0.019999922261043843
0.3099228039892597 0.47788547528694775 0.056450037960772706
0.2803263842043305 0.5095125749088503 0.02271448256793203
0.3214013498141608 0.511435727546598 0.02221758356438787
0.3214013498141608 0.511435727546598 0.02221758356438787
0.2840640417708292 0.6399888548004615 0.213332504117801
0.252655111238972 0.6383573118090224 0.21348693150368048
0.2860801241352856 0.6336400714919553 0.24074494090105963
0.2840640417708292 0.6399888548004615 0.213332504117801
0.25445728840125387 0.6319977121189767 0.2408993682869391
0.2840640417708292 0.6399888548004615 0.213332504117801
0.252655111238972 0.6383573118090224 0.21348693150368048
0.25445728840125387 0.6319977121189767 0.2408993682869391
0.2836765323466 0.4986944627481656 0.0694061804781303
0.2836765323466 0.4986944627481656 0.0694061804781303
0.32475149795643027 0.5006176153859133 0.06890823094815159
0.2836765323466 0.4986944627481656 0.0694061804781303
0.2690111090168379 0.546473881250841 -0.13678589546400544
0.3214013498141608 0.511435727546598 0.02221758356438787
0.2737056565215666 0.5277593779109587 -0.16269712997228608
0.2690111090168379 0.546473881250841 -0.13678589546400544
0.3147816554898615 0.5296825305487063 -0.16319402897583024
0.3147816554898615 0.5296825305487063 -0.16319402897583024
0.31008710798513284 0.5483970338885886 -0.13728384499398416
0.2737056565215666 0.5277593779109587 -0.16269712997228608
0.3407272198193193 0.44506208386676116 0.2019815659924423
0.2949577067047604 0.46185343456889577 0.22838969950426707
0.2690111090168379 0.546473881250841 -0.13678589546400544
0.299652254209489 0.44313893122901343 0.20247846499598646
0.2949577067047604 0.46185343456889577 0.22838969950426707
0.299652254209489 0.44313893122901343 0.20247846499598646
0.299652254209489 0.44313893122901343 0.20247846499598646
0.3407272198193193 0.44506208386676116 0.2019815659924423
0.4260082271867518 0.07091782189226971 -0.5924916564564252
0.4328190928270042 0.046617306470056574 -0.5899546351169765
0.4328190928270042 0.046617306470056574 -0.5899546351169765
0.43651231597952456 0.06502029802159728 -0.565106533360465
0.42946687796780547 0.058191700027992795 -0.5376688839427769
0.4201118837876804 0.0641463343931945 -0.5650529565123027
0.43651231597952456 0.06502029802159728 -0.565106533360465
0.4260082271867518 0.07091782189226971 -0.5924916564564252
0.4260082271867518 0.07091782189226971 -0.5924916564564252
0.3045441731809584 0.49481570832805133 -0.01664874293481578
0.4201118837876804 0.0641463343931945 -0.5650529565123027
0.42946687796780547 0.058191700027992795 -0.5376688839427769
0.43651231597952456 0.06502029802159728 -0.565106533360465
0.43651231597952456 0.06502029802159728 -0.565106533360465
0.3154481716995357 0.48673543866267993 0.01980137276491309
0.3099228039892597 0.47788547528694775 0.056450037960772706
0.2990188054706824 0.4859661776075808 0.019999922261043843
0.2990188054706824 0.4859661776075808 0.019999922261043843
0.4201118837876804 0.0641463343931945 -0.5650529565123027
0.26008495859952646 0.5944211699950115 0.1894876551062886
0.2820386591801912 0.49976658248637457 0.06414409356744805
0.32308055731915397 0.5018203970131211 0.06419031673056844
0.29086664054336464 0.595961422726256 0.18952232247862888
0.2582951817388199 0.6007972105849975 0.16209727937815557
0.2796516011269394 0.5082682583765303 0.027623592596604046
0.32069349926590207 0.5103220729032768 0.027669815759724437
0.2890768636826581 0.6023374633162419 0.16213194675049586
0.2892008666984114 0.47426242012643044 0.1737066470064146
0.29455779697895584 0.455595076210061 0.14772607775345342
0.3355996951179186 0.45764932339206915 0.1477723009165738
0.33024276483737414 0.476316234653177 0.173752870169535
0.2725410615319498 0.5335924361476548 -0.08218793560735188
0.2778463238892636 0.5151055094753666 -0.10791953009532372
0.31888822202822636 0.5171593240021131 -0.10787330693220333
0.3135829596709125 0.535646683329663 -0.08214276297066604
0.37929732451093207 0.20446941538323088 -0.3718695494092522
0.3926483158737087 0.18695985694686432 -0.3968016932805283
0.38929610101450995 0.19850396463648953 -0.34446971894320827
0.3957142904382101 0.2052910277249818 -0.37185063993343026
0.38571551393463216 0.21125604581646157 -0.3992504703994742
0.29851452653995214 0.4859666102628424 0.019916930672714057
0.3091105842360753 0.4778759568711929 0.05644688638146905
0.3149314924672301 0.48678822260459337 0.019935840148536034
0.30433543477110697 0.4948788759962428 -0.01659411556021896
0.32308055731915397 0.5018203970131211 0.06419031673056844
0.2820386591801912 0.49976658248637457 0.06414409356744805
0.2820386591801912 0.49976658248637457 0.06414409356744805
0.26008495859952646 0.5944211699950115 0.1894876551062886
0.29086664054336464 0.595961422726256 0.18952232247862888
0.2582951817388199 0.6007972105849975 0.16209727937815557
0.26008495859952646 0.5944211699950115 0.1894876551062886
0.2890768636826581 0.6023374633162419 0.16213194675049586
0.26008495859952646 0.5944211699950115 0.1894876551062886
0.29086664054336464 0.595961422726256 0.18952232247862888
0.2890768636826581 0.6023374633162419 0.16213194675049586
0.32069349926590207 0.5103220729032768 0.027669815759724437
0.32069349926590207 0.5103220729032768 0.027669815759724437
0.2796516011269394 0.5082682583765303 0.027623592596604046
0.3355996951179186 0.45764932339206915 0.1477723009165738
0.29455779697895584 0.455595076210061 0.14772607775345342
0.29455779697895584 0.455595076210061 0.14772607775345342
0.2892008666984114 0.47426242012643044 0.1737066470064146
0.3355996951179186 0.45764932339206915 0.1477723009165738
0.2778463238892636 0.5151055094753666 -0.10791953009532372
0.33024276483737414 0.476316234653177 0.173752870169535
0.31888822202822636 0.5171593240021131 -0.10787330693220333
0.2725410615319498 0.5335924361476548 -0.08218793560735188
0.2892008666984114 0.47426242012643044 0.1737066470064146
0.3135829596709125 0.535646683329663 -0.08214276297066604
0.2892008666984114 0.47426242012643044 0.1737066470064146
0.33024276483737414 0.476316234653177 0.173752870169535
0.3135829596709125 0.535646683329663 -0.08214276297066604
0.31888822202822636 0.5171593240021131 -0.10787330693220333
0.31888822202822636 0.5171593240021131 -0.10787330693220333
0.2778463238892636 0.5151055094753666 -0.10791953009532372
0.38929610101450995 0.19850396463648953 -0.34446971894320827
0.3926483158737087 0.18695985694686432 -0.3968016932805283
0.3926483158737087 0.18695985694686432 -0.3968016932805283
0.37929732451093207 0.20446941538323088 -0.3718695494092522
0.38571551393463216 0.21125604581646157 -0.3992504703994742
0.3957142904382101 0.2052910277249818 -0.37185063993343026
0.37929732451093207 0.20446941538323088 -0.3718695494092522
0.38929610101450995 0.19850396463648953 -0.34446971894320827
0.38929610101450995 0.19850396463648953 -0.34446971894320827
0.3091105842360753 0.4778759568711929 0.05644688638146905
0.3957142904382101 0.2052910277249818 -0.37185063993343026
0.38571551393463216 0.21125604581646157 -0.3992504703994742
0.37929732451093207 0.20446941538323088 -0.3718695494092522
0.37929732451093207 0.20446941538323088 -0.3718695494092522
0.29851452653995214 0.4859666102628424 0.019916930672714057
0.30433543477110697 0.4948788759962428 -0.01659411556021896
0.3149314924672301 0.48678822260459337 0.019935840148536034
0.3149314924672301 0.48678822260459337 0.019935840148536034
0.3957142904382101 0.2052910277249818 -0.37185063993343026
-0.055824090975225844 0.8602445627131639 -0.22245842725477377
-0.022681184939751065 0.8684403513333786 -0.1492031179204367
0.013055450841897806 0.8612803394093996 -0.16119067506513526
-0.020087455193576974 0.8530845507891849 -0.2344449338730378
-0.14967267337274975 0.7504543961884802 -0.12498953413039575
-0.11393707094956548 0.7432943842645012 -0.13697709127509433
-0.1677750469558086 0.7411678836538083 -0.14806329673894533
-0.13203944453262437 0.7340078717298293 -0.16004980335720934
-0.2736023206751055 0.6428461101479724 -0.12788583551046181
-0.23786568489345658 0.635686530879255 -0.13987234212872585
-0.29616260267449707 0.6444828450025505 -0.20315815559914308
-0.26042596689284814 0.6373228330785715 -0.21514466221740708
0.17173901002605715 0.7816769631408003 -0.220546469143885
0.11349066009285344 0.8315954292567546 -0.19610492111754582
0.1777552230070235 0.7812408466371221 -0.20047406055885694
0.1195058397153552 0.8311588800978147 -0.17603251253251773
0.2119418210917556 0.7736222201358623 -0.23403207698425796
0.21795803407272196 0.7731856709769226 -0.21395966839922986
0.210059041969234 0.7668278019079231 -0.2343199212273258
0.21607525495020038 0.7663912527489833 -0.21424751264229774
0.15433828684046927 0.7756011853023546 -0.21593570862262643
0.16035449982143565 0.7751650687986764 -0.19586330003759833
0.0949470424454056 0.8209676854111674 -0.1917242258854546
0.10096325542637195 0.8205311362522276 -0.17165076677399196
-0.1464010604737907 0.8693234007222748 -0.11076645673296574
-0.14038484749282434 0.8688872842185965 -0.09069404814793766
-0.2650554128143063 0.8596297595864507 -0.07525551166572837
-0.2590391998333399 0.8591936430827726 -0.055183103080700284
-0.31654249831355896 0.8723364119639564 -0.05767915388920119
-0.3105262853325926 0.8718998628050164 -0.03760569477773855
-0.30572633526447357 0.8773405027194545 -0.06038741103748205
-0.29971012228350724 0.8769043862157765 -0.04031500245245396
-0.2655235241987752 0.8692857597145167 -0.07387301887785497
-0.2595073112178088 0.868849210555577 -0.05380061029282689
-0.13954576041956004 0.8822931074988242 -0.11122763783773505
-0.1335295474385937 0.8818565583398844 -0.09115522925270697
0.013055450841897806 0.8612803394093996 -0.16119067506513526
-0.022681184939751065 0.8684403513333786 -0.1492031179204367
-0.11393707094956548 0.7432943842645012 -0.13697709127509433
0.013055450841897806 0.8612803394093996 -0.16119067506513526
-0.14967267337274975 0.7504543961884802 -0.12498953413039575
-0.13203944453262437 0.7340078717298293 -0.16004980335720934
-0.11393707094956548 0.7432943842645012 -0.13697709127509433
-0.1677750469558086 0.7411678836538083 -0.14806329673894533
-0.23786568489345658 0.635686530879255 -0.13987234212872585
-0.13203944453262437 0.7340078717298293 -0.16004980335720934
-0.2736023206751055 0.6428461101479724 -0.12788583551046181
-0.26042596689284814 0.6373228330785715 -0.21514466221740708
-0.23786568489345658 0.635686530879255 -0.13987234212872585
-0.055824090975225844 0.8602445627131639 -0.22245842725477377
-0.020087455193576974 0.8530845507891849 -0.2344449338730378
-0.29616260267449707 0.6444828450025505 -0.20315815559914308
-0.020087455193576974 0.8530845507891849 -0.2344449338730378
-0.26042596689284814 0.6373228330785715 -0.21514466221740708
-0.022681184939751065 0.8684403513333786 -0.1492031179204367
-0.055824090975225844 0.8602445627131639 -0.22245842725477377
-0.29616260267449707 0.6444828450025505 -0.20315815559914308
-0.2736023206751055 0.6428461101479724 -0.12788583551046181
-0.022681184939751065 0.8684403513333786 -0.1492031179204367
-0.29616260267449707 0.6444828450025505 -0.20315815559914308
-0.14967267337274975 0.7504543961884802 -0.12498953413039575
-0.022681184939751065 0.8684403513333786 -0.1492031179204367
-0.26042596689284814 0.6373228330785715 -0.21514466221740708
-0.13203944453262437 0.7340078717298293 -0.16004980335720934
-0.26042596689284814 0.6373228330785715 -0.21514466221740708
0.013055450841897806 0.8612803394093996 -0.16119067506513526
0.11349066009285344 0.8315954292567546 -0.19610492111754582
0.1777552230070235 0.7812408466371221 -0.20047406055885694
0.17173901002605715 0.7816769631408003 -0.220546469143885
0.17173901002605715 0.7816769631408003 -0.220546469143885
0.1777552230070235 0.7812408466371221 -0.20047406055885694
0.21795803407272196 0.7731856709769226 -0.21395966839922986
0.2119418210917556 0.7736222201358623 -0.23403207698425796
0.2119418210917556 0.7736222201358623 -0.23403207698425796
0.21795803407272196 0.7731856709769226 -0.21395966839922986
0.21607525495020038 0.7663912527489833 -0.21424751264229774
0.210059041969234 0.7668278019079231 -0.2343199212273258
0.210059041969234 0.7668278019079231 -0.2343199212273258
0.21607525495020038 0.7663912527489833 -0.21424751264229774
0.16035449982143565 0.7751650687986764 -0.19586330003759833
0.15433828684046927 0.7756011853023546 -0.21593570862262643
0.15433828684046927 0.7756011853023546 -0.21593570862262643
0.16035449982143565 0.7751650687986764 -0.19586330003759833
0.10096325542637195 0.8205311362522276 -0.17165076677399196
0.0949470424454056 0.8209676854111674 -0.1917242258854546
0.0949470424454056 0.8209676854111674 -0.1917242258854546
0.10096325542637195 0.8205311362522276 -0.17165076677399196
-0.14038484749282434 0.8688872842185965 -0.09069404814793766
-0.1464010604737907 0.8693234007222748 -0.11076645673296574
-0.1464010604737907 0.8693234007222748 -0.11076645673296574
-0.14038484749282434 0.8688872842185965 -0.09069404814793766
-0.2590391998333399 0.8591936430827726 -0.055183103080700284
-0.2650554128143063 0.8596297595864507 -0.07525551166572837
-0.2650554128143063 0.8596297595864507 -0.07525551166572837
-0.2590391998333399 0.8591936430827726 -0.055183103080700284
-0.3105262853325926 0.8718998628050164 -0.03760569477773855
-0.31654249831355896 0.8723364119639564 -0.05767915388920119
-0.31654249831355896 0.8723364119639564 -0.05767915388920119
-0.3105262853325926 0.8718998628050164 -0.03760569477773855
-0.29971012228350724 0.8769043862157765 -0.04031500245245396
-0.30572633526447357 0.8773405027194545 -0.06038741103748205
-0.30572633526447357 0.8773405027194545 -0.06038741103748205
-0.29971012228350724 0.8769043862157765 -0.04031500245245396
-0.2595073112178088 0.868849210555577 -0.05380061029282689
-0.2655235241987752 0.8692857597145167 -0.07387301887785497
-0.2655235241987752 0.8692857597145167 -0.07387301887785497
-0.2595073112178088 0.868849210555577 -0.05380061029282689
-0.1335295474385937 0.8818565583398844 -0.09115522925270697
-0.13954576041956004 0.8822931074988242 -0.11122763783773505
0.1195058397153552 0.8311588800978147 -0.17603251253251773
0.11349066009285344 0.8315954292567546 -0.19610492111754582
-0.13954576041956004 0.8822931074988242 -0.11122763783773505
-0.1335295474385937 0.8818565583398844 -0.09115522925270697
0.1195058397153552 0.8311588800978147 -0.17603251253251773
-0.2650554128143063 0.8596297595864507 -0.07525551166572837
-0.31654249831355896 0.8723364119639564 -0.05767915388920119
-0.2650554128143063 0.8596297595864507 -0.07525551166572837
-0.30572633526447357 0.8773405027194545 -0.06038741103748205
0.2119418210917556 0.7736222201358623 -0.23403207698425796
0.210059041969234 0.7668278019079231 -0.2343199212273258
0.17173901002605715 0.7816769631408003 -0.220546469143885
0.2119418210917556 0.7736222201358623 -0.23403207698425796
0.17173901002605715 0.7816769631408003 -0.220546469143885
0.15433828684046927 0.7756011853023546 -0.21593570862262643
0.11349066009285344 0.8315954292567546 -0.19610492111754582
0.17173901002605715 0.7816769631408003 -0.220546469143885
-0.13954576041956004 0.8822931074988242 -0.11122763783773505
0.11349066009285344 0.8315954292567546 -0.19610492111754582
-0.13954576041956004 0.8822931074988242 -0.11122763783773505
0.0949470424454056 0.8209676854111674 -0.1917242258854546
-0.2655235241987752 0.8692857597145167 -0.07387301887785497
-0.13954576041956004 0.8822931074988242 -0.11122763783773505
-0.2655235241987752 0.8692857597145167 -0.07387301887785497
-0.1464010604737907 0.8693234007222748 -0.11076645673296574
-0.2590391998333399 0.8591936430827726 -0.055183103080700284
-0.29971012228350724 0.8769043862157765 -0.04031500245245396
-0.2590391998333399 0.8591936430827726 -0.055183103080700284
-0.2595073112178088 0.868849210555577 -0.05380061029282689
0.21795803407272196 0.7731856709769226 -0.21395966839922986
0.16035449982143565 0.7751650687986764 -0.19586330003759833
0.1777552230070235 0.7812408466371221 -0.20047406055885694
0.16035449982143565 0.7751650687986764 -0.19586330003759833
0.1777552230070235 0.7812408466371221 -0.20047406055885694
0.10096325542637195 0.8205311362522276 -0.17165076677399196
0.1195058397153552 0.8311588800978147 -0.17603251253251773
0.10096325542637195 0.8205311362522276 -0.17165076677399196
-0.1335295474385937 0.8818565583398844 -0.09115522925270697
0.10096325542637195 0.8205311362522276 -0.17165076677399196
-0.1335295474385937 0.8818565583398844 -0.09115522925270697
-0.14038484749282434 0.8688872842185965 -0.09069404814793766
-0.2595073112178088 0.868849210555577 -0.05380061029282689
-0.14038484749282434 0.8688872842185965 -0.09069404814793766
0.6279109707948096 0.3534088259077432 -0.4721591060104084
0.6532954214779837 0.33589277764245284 -0.25858182923335626
0.6349719091834979 0.32231994943125303 -0.2838028678741347
0.6477710871261722 0.36131127426060294 -0.4361953840498781
0.60888064131053 0.3336269620375294 -0.2590650713932512
0.6033563069587186 0.3590458913109411 -0.43667967673620767
0.6529234124307236 0.3293635770898655 -0.04303586591794947
0.6353666521169794 0.31258477339031693 -0.05256834278509475
0.6085086322632699 0.32709819414020364 -0.043520158604278984
0.645488398277846 0.34659320757198625 0.1866165663606518
0.6277787009113394 0.32970667271230286 0.19461422410691334
0.6010736181103924 0.3443273919670628 0.18613332420075687
0.6249679658875971 0.40579688825682764 0.499017915362657
0.6062135431133685 0.39192293198356426 0.5229121391165934
0.5805531857201432 0.4035310726519042 0.4985336226763274
0.6054612581511315 0.46629420817380973 0.6795078115569884
0.5849780266656084 0.45795694128305653 0.7145197565678125
0.5610464779836778 0.46402882522414785 0.6790235188706588
0.5833349867068767 0.5377316490352436 0.8064649816993043
0.5607829715752021 0.5363575359244479 0.8456117987565339
0.538920206539423 0.5354662660855818 0.8059806890129747
0.5617326280041798 0.6095355489032406 0.8736114798167084
0.5371789975265532 0.6151726143064384 0.9090909090909091
0.517317847836726 0.6072701659535786 0.8731271871303788
0.6263464660793883 0.3579218529413419 -0.4483447222654981
0.5387435022419745 0.6106591546175781 0.8852765253459987
0.6532954214779837 0.33589277764245284 -0.25858182923335626
0.6532954214779837 0.33589277764245284 -0.25858182923335626
0.6477710871261722 0.36131127426060294 -0.4361953840498781
0.60888064131053 0.3336269620375294 -0.2590650713932512
0.6349719091834979 0.32231994943125303 -0.2838028678741347
0.60888064131053 0.3336269620375294 -0.2590650713932512
0.6033563069587186 0.3590458913109411 -0.43667967673620767
0.6279109707948096 0.3534088259077432 -0.4721591060104084
0.6349719091834979 0.32231994943125303 -0.2838028678741347
0.6349719091834979 0.32231994943125303 -0.2838028678741347
0.6532954214779837 0.33589277764245284 -0.25858182923335626
0.6529234124307236 0.3293635770898655 -0.04303586591794947
0.6529234124307236 0.3293635770898655 -0.04303586591794947
0.6532954214779837 0.33589277764245284 -0.25858182923335626
0.60888064131053 0.3336269620375294 -0.2590650713932512
0.6085086322632699 0.32709819414020364 -0.043520158604278984
0.6353666521169794 0.31258477339031693 -0.05256834278509475
0.6085086322632699 0.32709819414020364 -0.043520158604278984
0.60888064131053 0.3336269620375294 -0.2590650713932512
0.6349719091834979 0.32231994943125303 -0.2838028678741347
0.6353666521169794 0.31258477339031693 -0.05256834278509475
0.6353666521169794 0.31258477339031693 -0.05256834278509475
0.6529234124307236 0.3293635770898655 -0.04303586591794947
0.645488398277846 0.34659320757198625 0.1866165663606518
0.645488398277846 0.34659320757198625 0.1866165663606518
0.6529234124307236 0.3293635770898655 -0.04303586591794947
0.6085086322632699 0.32709819414020364 -0.043520158604278984
0.6010736181103924 0.3443273919670628 0.18613332420075687
0.6277787009113394 0.32970667271230286 0.19461422410691334
0.6010736181103924 0.3443273919670628 0.18613332420075687
0.6085086322632699 0.32709819414020364 -0.043520158604278984
0.6353666521169794 0.31258477339031693 -0.05256834278509475
0.6277787009113394 0.32970667271230286 0.19461422410691334
0.6277787009113394 0.32970667271230286 0.19461422410691334
0.645488398277846 0.34659320757198625 0.1866165663606518
0.6249679658875971 0.40579688825682764 0.499017915362657
0.6249679658875971 0.40579688825682764 0.499017915362657
0.645488398277846 0.34659320757198625 0.1866165663606518
0.6010736181103924 0.3443273919670628 0.18613332420075687
0.5805531857201432 0.4035310726519042 0.4985336226763274
0.6062135431133685 0.39192293198356426 0.5229121391165934
0.5805531857201432 0.4035310726519042 0.4985336226763274
0.6010736181103924 0.3443273919670628 0.18613332420075687
0.6277787009113394 0.32970667271230286 0.19461422410691334
0.6062135431133685 0.39192293198356426 0.5229121391165934
0.6062135431133685 0.39192293198356426 0.5229121391165934
0.6249679658875971 0.40579688825682764 0.499017915362657
0.6054612581511315 0.46629420817380973 0.6795078115569884
0.6054612581511315 0.46629420817380973 0.6795078115569884
0.6249679658875971 0.40579688825682764 0.499017915362657
0.5805531857201432 0.4035310726519042 0.4985336226763274
0.5610464779836778 0.46402882522414785 0.6790235188706588
0.5849780266656084 0.45795694128305653 0.7145197565678125
0.5610464779836778 0.46402882522414785 0.6790235188706588
0.5805531857201432 0.4035310726519042 0.4985336226763274
0.6062135431133685 0.39192293198356426 0.5229121391165934
0.5849780266656084 0.45795694128305653 0.7145197565678125
0.5849780266656084 0.45795694128305653 0.7145197565678125
0.6054612581511315 0.46629420817380973 0.6795078115569884
0.5833349867068767 0.5377316490352436 0.8064649816993043
0.5833349867068767 0.5377316490352436 0.8064649816993043
0.6054612581511315 0.46629420817380973 0.6795078115569884
0.5610464779836778 0.46402882522414785 0.6790235188706588
0.538920206539423 0.5354662660855818 0.8059806890129747
0.5607829715752021 0.5363575359244479 0.8456117987565339
0.538920206539423 0.5354662660855818 0.8059806890129747
0.5610464779836778 0.46402882522414785 0.6790235188706588
0.5849780266656084 0.45795694128305653 0.7145197565678125
0.5607829715752021 0.5363575359244479 0.8456117987565339
0.5607829715752021 0.5363575359244479 0.8456117987565339
0.5833349867068767 0.5377316490352436 0.8064649816993043
0.5617326280041798 0.6095355489032406 0.8736114798167084
0.5617326280041798 0.6095355489032406 0.8736114798167084
0.5833349867068767 0.5377316490352436 0.8064649816993043
0.538920206539423 0.5354662660855818 0.8059806890129747
0.517317847836726 0.6072701659535786 0.8731271871303788
0.5371789975265532 0.6151726143064384 0.9090909090909091
0.517317847836726 0.6072701659535786 0.8731271871303788
0.538920206539423 0.5354662660855818 0.8059806890129747
0.5607829715752021 0.5363575359244479 0.8456117987565339
0.5371789975265532 0.6151726143064384 0.9090909090909091
0.6477710871261722 0.36131127426060294 -0.4361953840498781
0.6279109707948096 0.3534088259077432 -0.4721591060104084
0.6033563069587186 0.3590458913109411 -0.43667967673620767
0.6477710871261722 0.36131127426060294 -0.4361953840498781
0.6279109707948096 0.3534088259077432 -0.4721591060104084
0.6033563069587186 0.3590458913109411 -0.43667967673620767
-0.6303703639405843 0.34528442540569 0.18858420237257192
-0.6112687327222464 0.40388714793218905 0.40859805461413795
-0.5703115699773817 0.40159796894314 0.40751496186011255
-0.599652750221552 0.3435676493277186 0.18777109491222696
-0.6334291049958335 0.3343499289796388 0.205277067417639
-0.6153484319405315 0.3893075309272797 0.4308555581830389
-0.5743902358372022 0.38701878459349226 0.4297724654290135
-0.6027114912768011 0.3326331529016674 0.20446501048372856
-0.5703115699773817 0.40159796894314 0.40751496186011255
-0.6112687327222464 0.40388714793218905 0.40859805461413795
-0.6112687327222464 0.40388714793218905 0.40859805461413795
-0.6303703639405843 0.34528442540569 0.18858420237257192
-0.599652750221552 0.3435676493277186 0.18777109491222696
-0.6334291049958335 0.3343499289796388 0.205277067417639
-0.6303703639405843 0.34528442540569 0.18858420237257192
-0.6027114912768011 0.3326331529016674 0.20446501048372856
-0.6303703639405843 0.34528442540569 0.18858420237257192
-0.599652750221552 0.3435676493277186 0.18777109491222696
-0.6027114912768011 0.3326331529016674 0.20446501048372856
-0.5743902358372022 0.38701878459349226 0.4297724654290135
-0.5743902358372022 0.38701878459349226 0.4297724654290135
-0.6153484319405315 0.3893075309272797 0.4308555581830389
0.7003834999933864 0.7378199972396594 0.16205420779433888
0.2218103944287925 0.7634418418307548 0.32262402173665256
0.26401172076504903 0.8788353266482327 -0.09523547392451569
-0.7003834999933864 0.7378199972396594 0.16205420779433888
-0.2218114277872571 0.7634418418307548 0.3226187691044798
-0.26401172076504903 0.8788353266482327 -0.09523442339808112
0.6570423792706638 0.7571250750116059 -0.17166127203833748
-0.6570423792706638 0.7571250750116059 -0.17166127203833748
0.18491433044984984 0.7939483643251507 -0.19200891854921878
-0.1849463645622528 0.7940565281405472 -0.19195219012175285
0.36235954591749 0.859772535822774 0.02033714124653576
0.5279139055328491 0.9090909090909091 0.013241885707556342
0.49038129273970604 0.82477505171312 -0.05752367597688716
-0.36235954591749 0.859772535822774 0.02033714124653576
-0.5279108054574554 0.9090865825382931 0.013241885707556342
-0.49037922602277684 0.82477505171312 -0.0575226254504526
0.3431928131158816 0.8102637942395413 0.24890543024467707
0.4136854274962633 0.8206345408597466 0.3570214087832624
0.44363628923455417 0.820980665069015 0.21547347699142255
-0.3431928131158816 0.8102637942395413 0.2489022786653734
-0.4136843941377987 0.8206345408597466 0.35701615615108967
-0.4436352558760895 0.8209763385163991 0.2154703254121189
0.4501443808446754 0.8230617368772414 -0.1422045108134363
0.40827579593402374 0.8267566128111818 -0.27008089158598714
0.40424569792204007 0.7885098876870206 -0.18718805274104933
-0.4501433474862108 0.8230617368772414 -0.14220135923413263
-0.4082747625755591 0.8267566128111818 -0.2700756389538143
-0.40424569792204007 0.7885098876870206 -0.18718595168818022
0.47398189390632645 0.8344275905990934 0.10034628502862211
-0.4739808605478618 0.8344275905990934 0.10034523450218757
0.29024662546459795 0.8891281953213526 0.19423078195830104
-0.2902455921061333 0.8891281953213526 0.1942286809054319
-0.35016591603507796 0.8220320173546678 -0.15634144504323286
0.35016591603507796 0.8220320173546678 -0.15634354609610196
0.41790876354112927 0.7822666722623414 0.2545162919316313
-0.41790876354112927 0.7822666722623414 0.25451314035232764
0.34401123301985365 0.8270162059681332 0.049121565553322255
-0.34401019966138907 0.8270118794155173 0.049121565553322255
0.5684091570440326 0.8125395609154813 0.19068840682098412
-0.5684070903271035 0.8125352343628653 0.190686305768115
-0.3506247271933653 0.7549315128353673 -0.22368754318320225
0.3506236938349007 0.7549315128353673 -0.2236885937096368
0.49108087642024784 0.8239054146373332 -0.14288210036372376
-0.49108087642024784 0.8239054146373332 -0.14287999931085466
-0.33772324676269455 0.7326108278901695 0.31733777271797553
0.33772221340423 0.7326108278901695 0.3173419748237138
0.39668151396108614 0.7261123458611548 0.1812389215421686
-0.5631038946867187 0.5891856086745649 0.10601282461660776
0.1582939830430009 0.4586535162542092 0.17793291485262636
0.5746785428488287 0.5534353044097522 -0.2799758000730536
0.00017050414666084678 0.9001609044917837 0.1040504412368604
-0.3195185706916392 0.7509294516657011 -0.14409755944850305
-0.7388502688385381 0.315478371779801 0.15121277498973898
-0.5646270650635556 0.49758816324429145 -0.2216421682151251
0.7436626192082324 0.3025956287108301 0.049126818185495025
0.570959485734693 0.5765217891679563 0.10292847900475646
0.06935902014470324 0.2346951446128579 0.13139879590761125
-0.37774108666322764 0.00435510786311999 -0.054295408243501944
0.14227796019999206 0.4298127165169175 -0.1788710349586833
0.27336568158670954 0.09157711063297896 0.0967209183029754
0.39746686639419065 0.24451641905084953 0.13201335387182547
0.23526472163803022 0.00554188124564911 0.425686968125032
0.10934689264976256 0.007808562161095726 -0.008955737854574994
-0.06903041215295688 0.23469038540498044 0.1314019474869149
-0.23494438051400074 0.00554188124564911 0.4257436965524979
-0.1090265515257331 0.007808562161095726 -0.008899009427109065
-0.09458433362432707 0.005073748252613562 0.23801147111834944
-0.11981378053780933 0.3624941537457778 0.13458924468935252
0.000166370712802402 0.4169966023582308 0.23163267460773604
-0.1579612416173961 0.4586535162542092 0.17793186432619182
0.22332013114558943 0.2823949545474015 0.41745609351029944
0.12014548860494953 0.36249458640103943 0.13458924468935252
0.00016533735433779082 0.31814006694907515 0.20516781266844533
-0.697144954565295 0.5012267939942258 0.03149793408724012
-0.9045224313188629 0.4916045409765635 0.06316290187757438
-0.6985503220771663 0.4358785432843466 0.025749453437359262
0.7009663141674272 0.4933481416807532 -0.0052421269084257155
0.909090909090909 0.4819130631170475 0.014702117451586751
0.7008908789995105 0.4292078644612209 -0.03394986278548975
0.31996498154835123 0.7504708370884204 -0.1441837026161365
-0.22303492420935675 0.282248284413724 0.4174329819287392
-0.27304327374575077 0.09157711063297896 0.09677764673044131
0.2761846834781688 0.49583590943487005 0.05333942918805757
-0.48031534793592845 0.7941560388507118 0.042375084790614845
-0.39713722504397975 0.24451209249823366 0.13201650545112914
-0.14194625213285186 0.4298135818274406 -0.17887208548511788
-0.2758602089202809 0.4958272563296383 0.05340035972126172
-0.7217874538708781 0.38345240727224267 0.19638120956983357
-0.8562728578892371 0.4102969356325788 0.1528316362253871
-0.7122950230149597 0.3996553468186209 0.08845747736877164
0.7292472686269064 0.3674489218014554 0.11672714372262656
0.8626011451265161 0.3963559177937697 0.07758452877113514
0.7163509549885586 0.389513907487056 0.015503669121151645
-0.3963508392524106 0.7261123458611548 0.18123997206860318
-0.6832628169517082 0.46661004651476723 0.15457761115961624
0.6907939334417946 0.45204254385718223 0.10471227289062959
0.559887049786384 0.5039308893791354 -0.2515201905402826
0.6915389848947793 0.6290720972401354 -0.11745200696246899
-0.6908518015158128 0.42949687817596005 0.1832895491424185
0.6986309240374058 0.41382567194607034 0.11995120935027356
0.000166370712802402 0.42603304015170623 0.02716241149183473
-0.5299816558205362 0.6235600692075357 -0.2599075935937637
-0.5793947908813142 0.5462705332778958 -0.2662391164148222
-0.6913664140311891 0.6291067096610622 -0.1190708681981171
-0.6102932423316535 0.43724573391095695 0.08685437402964186
0.0001694707881962356 0.7916552914387475 0.4024902939236395
0.5955162162877135 0.28304480275030297 0.2941778669417925
0.4253861453910559 0.582271777594428 -0.027329445194928855
0.6149133880269301 0.4270415595664621 0.030287727634633627
0.2526520111635781 0.0796276049632481 -0.15040912226730496
0.3776088167797574 0.07254374036530814 -0.04056187616457421
0.09490467474835654 0.005073748252613562 0.23795369216444898
0.4716372035501236 0.008000228441978117 0.13271615605654227
-0.5824090975225851 0.30930091995488274 0.3950714762428174
-0.4227376476462574 0.5863344105007162 -0.027670866286158988
-0.5663042058516197 0.6040300106995645 0.0022565307814225327
0.5762781817520468 0.5297820412588711 0.14642972813321348
-0.23940745572265648 0.404716115413387 0.2641433161778865
-0.18095346745499513 0.5703391454798991 -0.11411238342702103
-0.5668343187439652 0.5457816328323042 0.1643349006837561
-0.7062819101093871 0.33786049377214383 0.4029262623939796
0.7200421114241498 0.3107979071599687 0.3068808325884226
-0.47131686242609416 0.007999795786716531 0.1327728844840082
-0.3772874422972633 0.07254330771004656 -0.04050514773710828
0.23973916378979668 0.40472303789757236 0.264153821442232
0.1812893089559938 0.5703391454798991 -0.11411238342702103
0.24054001659987037 0.299056941326322 0.10814434275231834
0.1075209482427946 0.2806881295404466 0.18697479587483481
0.3780614277872571 0.004355540518381574 -0.05435213667096787
-0.24056895063687947 0.20084549491219045 0.17280319427269797
0.24089755862862583 0.20084938880954473 0.1728000426933943
-0.2523265032472256 0.0796215477895859 -0.15038706121217935
0.2247575327698636 0.3227664496612093 -0.043314255423106345
0.3396948947131727 0.28653806133234455 0.21645361815486167
0.22555631886300806 0.27435405651083433 0.3439696683603604
-0.10762015065539726 0.27794855642408695 0.18645058318399224
-0.2416818777032657 0.28995517258834713 0.10412082650797555
0.48070802415248065 0.7940132626143886 0.04226793109429031
0.13627621423753022 0.863272716889001 0.15179266558161295
-0.13593623930267315 0.863272716889001 0.15179266558161295
0.00013123652500562146 0.7515481486897685 0.288803373702613
0.5680402480721665 0.6012999559989599 0.002609507663432761
0.480701824001693 0.7544339592845439 -0.08729244355285098
0.1701383377643744 0.7487488691473101 -0.22051600387728298
0.14893382207055275 0.846403488239781 -0.08105021547872962
0.11753625848180627 0.0765077278719548 -0.05281731755008411
-0.11721178392391836 0.07650167069829261 -0.05279420596852392
-0.48029261404970697 0.7548190224673551 -0.08771580570597635
-0.16979939618798193 0.7487488691473101 -0.22051600387728298
0.6943486865600571 0.4250201941843345 0.1685769264264862
0.5341006226604763 0.3751856631891279 0.3172432253388657
0.5588371575863391 0.417743797994989 0.15648116505902857
-0.6848355885348464 0.44327694825745934 0.22762071415417337
-0.5197824077748237 0.4017052674480132 0.38554110042854123
-0.5498149048318188 0.4350867841556451 0.21310769146080638
-0.2252256441543325 0.27435319120031115 0.3439717694132295
0.6126472329140378 0.2927124845704317 0.10924004182355841
-0.2172873844291893 0.6681625001243884 0.2956528060559067
0.21762529264711716 0.6681625001243884 0.29565175552947215
-0.6058828684046929 0.3086549656493355 0.20937201945953146
-0.24530069904633411 0.5369770982590385 0.20718377289635495
0.24563550718886815 0.5369770982590385 0.20718377289635495
0.7244524853511103 0.38516918335021405 -0.023829091114994087
-0.47742194423501705 0.7376123227140984 0.1743663776073147
0.4772483400129624 0.7380406514230681 0.17501770399673833
-0.6960154937634749 0.536752117523014 -0.04444252081381762
-0.3396111926775392 0.2849597349380806 0.21618363286118122
-0.7217750535693027 0.393188448623702 0.051217365790257985
0.4283808182214991 0.5982886753783245 -0.2759417785643653
0.42965184913297083 0.4907046180324655 -0.016948142968663742
-0.12744823287435683 0.8261638751028098 0.28941267903465445
-0.1675621751120987 0.7891718502372465 0.1720888362972011
0.1277871744507493 0.8261638751028098 0.28941267903465445
0.16790111668849117 0.7891718502372465 0.1720888362972011
-0.4297200507916352 0.5956235189669576 -0.27719820818009216
-0.426409170271021 0.4971771407457852 0.010697510683065944
0.43866480166130967 0.010369448654420504 0.32673052956932513
-0.4383434271788156 0.010369015999158918 0.3267872579967911
-0.265494590161766 0.6195450283800218 0.01811422731101896
0.2658314650212293 0.6195450283800218 0.01811422731101896
-0.22383887709482425 0.2622085580076052 -0.026474316677201695
-0.14859384713569568 0.846403488239781 -0.08105021547872962
0.00017050414666084678 0.8586000400638772 0.04461165556978085
0.6978373047365845 0.5327976484321222 -0.06805205190398987
0.5295259447376426 0.6247585242821275 -0.25777502493161863
0.31245969901988013 0.44571712393280166 -0.04069844460106626
-0.3119347529198576 0.44558300080171015 -0.041438015210992454
-0.1843335829927384 0.48915571219598936 -0.1950670010002062
0.1846663244183432 0.48915571219598936 -0.1950670010002062
0.00016740407126701322 0.5112773757208577 0.3365886696311822
0.000166370712802402 0.4829990278236272 0.24469597082141817
-0.19213543940055286 0.8406188873923824 0.055074898857941194
0.000166370712802402 0.4324679218572679 -0.12812430501110564
0.1924826478446622 0.8406275404976141 0.05507910096367941
0.3108383595889052 0.06501813474528935 0.2566614669109911
-0.31051595174794644 0.06501770209002777 0.256718195338457
-0.22442789141965264 0.3227586618665007 -0.043326861740321
0.36301882861791196 0.6259483262514878 0.10081166823912965
0.3438737963440604 0.7159838861874375 0.09701401517821603
0.34896722021612897 0.6677384979680345 -0.024206230104999067
0.22416851844503524 0.26221245190495945 -0.02647746825650536
-0.36290825926219855 0.6257536313837743 0.09840071007182764
-0.3447779850005952 0.7158670692668094 0.09677554567757221
-0.3486313787151303 0.6677384979680345 -0.024206230104999067
-0.08039322182982157 0.39370374104025035 0.04194016684670939
-0.08424764890282131 0.34751606124494816 0.22251830726154337
0.080987402946973 0.3937400840822235 0.04339199437926337
0.08457935696996151 0.3475216857633488 0.22252566094658527
0.0001684374297316244 0.6768588708822576 -0.16461013860960935
8.886882795656257e-05 0.8114189837879747 -0.11291793487093285
-0.242669768395434 0.1407834261883634 0.09897009539935604
0.242999409745645 0.1407868874304561 0.09895959013501052
0.0001684374297316244 0.6617981412264652 0.2667349648919318
-0.2233521652579924 0.6325982376220574 0.21660489396143748
0.22368904011745563 0.6325982376220574 0.21660489396143748
-0.5644193600121687 0.7374003216359215 0.023272312104680337
0.5645454297448513 0.7374479137146959 0.02426611011176866
0.34923279334153406 0.8203879273606428 0.01321142044095427
-0.3488773180297078 0.820413886676338 0.013188308859394074
0.11220619552134173 0.3299117513062944 0.023652602673988977
-0.3410020931709059 0.15944990479420967 0.01622327972882131
0.34133070116265224 0.1594529333810408 0.016220128149517645
0.6117285772389984 0.3614029971760591 -0.012475001410331739
-0.6088424070473394 0.369953563110774 0.06628611696750417
0.00016740407126701322 0.5916950091917611 0.35026442275620945
-0.4277401359734402 0.6931829539018798 0.15004774117381833
-0.49937977824954033 0.6362152356089126 0.10602648146025696
-0.2423184265174662 0.1542273231316107 -0.16746126735298958
-0.13719383655410497 0.1516461018409914 -0.0036043561969556375
0.24264600115074797 0.1542303517184418 -0.1674654694587278
0.13752141118738673 0.1516491304278225 -0.0036085583026938543
0.4276078660899699 0.6936978136631666 0.1516466424072099
0.5569481783130299 0.6703344295375477 0.026699129334196305
0.4994593468513154 0.6364358897923211 0.10846475331485737
-0.5568458758250333 0.6701830001959928 0.024463609081464856
-0.581845917159372 0.6177668152549054 -0.12290844126354378
-0.18512513557663055 0.6275707834824336 -0.14516279325314105
0.18546097707762918 0.6275707834824336 -0.14516279325314105
0.5820164213060327 0.6177581621496736 -0.12137257161622546
-0.26840556095657575 0.5318501334092499 0.06356945560774688
0.2687403690991098 0.5318501334092499 0.06356525350200866
0.00016740407126701322 0.5018152051499821 -0.18619740631326467
-0.17018070546142347 0.05126661991105473 0.2550194940937828
0.17050207994391756 0.05126661991105473 0.2549617151398823
0.08784580307659748 0.7534431787355131 0.2569388058897134
-0.08750686150020501 0.7534431787355131 0.25693775536327884
-0.16798068529026625 0.4998033581836094 0.20731508870067422
0.16831446007433565 0.4998033581836094 0.2073161392271088
-0.1526218784307501 0.5274327231884616 0.29741769046595784
0.15295565321481952 0.5274327231884616 0.29741769046595784
-0.11187552081266615 0.32990439616684747 0.02364104688320888
0.3522026655688266 0.3468791926998943 0.11440968240799988
-0.5278043695356004 0.7027013696567616 -0.15291777939302054
0.5281247106596298 0.702446103052426 -0.15112768234854007
-0.7254093752893402 0.38938064966648767 0.3387233393461965
0.7378055434308162 0.36540376037994055 0.2594905345992457
0.2211376780683306 0.3189720630171041 0.3137628312611874
-0.22080907007658426 0.31895735273821024 0.31378069021057486
0.2809370990569157 0.6728221972916646 0.15276545306001016
-0.28060022419745245 0.6728221972916646 0.15276545306001016
-0.35187199086015103 0.34687227021570893 0.11439917714365433
0.28374680072219355 0.5645199322115736 0.0874069509342174
-0.2834109592211949 0.5645199322115736 0.0874069509342174
0.42161748707061886 0.050393954248436706 0.16418047329787666
-0.42129611258812477 0.05039352159317512 0.1642372017253426
0.00016120392047934605 0.7249355235496422 0.27044752531164656
0.00016533735433779082 0.7227462879260194 0.2702752389763797
-0.11020768025078369 0.6764348687259037 0.2703235631923691
0.0001684374297316244 0.6336712226707896 0.28775494832092785
0.11054558846871156 0.6764348687259037 0.2703235631923691
0.0001684374297316244 0.6782087552984045 0.30113655404427986
0.12320836309405711 0.6001793788714533 0.3017469099027559
-0.12287252159305846 0.6001793788714533 0.3017469099027559
0.00016740407126701322 0.5727923008130891 -0.13967694421189875
0.3046392421597026 0.7724367447191179 0.16126000980981584
-0.30432096775260237 0.7724670305874289 0.16124530243973206
0.2416157427615306 0.19222743475666818 -0.08797318468244214
-0.24128713476978425 0.19222483882509867 -0.08797108362957302
-0.20023180297078155 0.7139936719841441 0.27084987693608087
0.20056971118870942 0.7139936719841441 0.27084987693608087
-0.17697400400777744 0.5317636023569329 -0.13589399852106887
0.17730881215031147 0.5317679289095486 -0.13589399852106887
-0.217168548205759 0.6523186644451261 0.24833604491714864
0.21750542306522228 0.6523186644451261 0.24833604491714864
0.35562824887901273 0.6909893917256411 -0.18174632581005828
-0.3552583065486819 0.6913009035139828 -0.18349545232359113
-0.22574129002817347 0.2009757241459277 0.2555195446766306
0.2260698980199198 0.20098005069854355 0.255516393097327
0.17950263217068105 0.6094468545746154 0.2513426515728429
-0.1791667906696824 0.6094468545746154 0.2513426515728429
0.3120391221247834 0.7955708215560966 -0.1042805065260278
-0.3116908803222094 0.7955924543191758 -0.10430466863402253
